在苏联远东地区和西伯利亚地区视察后赫鲁晓夫同志等回到莫斯科,1954-11-01,1954-11
格罗查主席电谢毛泽东主席,1954-11-01,1954-11
应日本红十字会邀请到日本访问中国红十字会访日代表团到东京,1954-11-01,1954-11
东京报纸普遍欢迎我红十字会代表团,1954-11-01,1954-11
莫斯科音乐剧院在京举行表演会,1954-11-01,1954-11
国务院全体会议举行第二次会议,1954-11-01,1954-11
湖南省农村结合秋粮统购工作进一步宣传国家过渡时期总任务,1954-11-01,1954-11
苏联展览会开始进行经验交流工作展览会开幕四周以来已有一百四十多万人前往参观,1954-11-01,1954-11
保贸易代表团到京,1954-11-01,1954-11
杨得志将军任中国人民志愿军司令员,1954-11-01,1954-11
一九五四年十一月一日内容提要,1954-11-01,1954-11
中华人民共和国国家统计局关于全国人口调查登记结果的公报,1954-11-01,1954-11
逐步推行义务兵役制，加强我国国防力量,1954-11-01,1954-11
哈尔滨电表仪器厂在建厂工程中  学习苏联经验采用钢筋泡沫混凝土屋面板,1954-11-01,1954-11
华东区粮食棉花产量超过去年,1954-11-01,1954-11
江西省非灾区晚稻普遍获得增产,1954-11-01,1954-11
江苏省积极发展信用合作组织浙江省平湖县百分之八十五的农户参加了信用合作社,1954-11-01,1954-11
大兴安岭飘雪鄂伦春人迎接打猎旺月,1954-11-01,1954-11
建设第一汽车制造厂的职工超额完成十月份施工计划,1954-11-01,1954-11
中苏造船公司职工加紧学习苏联先进经验,1954-11-01,1954-11
新建太原第一发电厂正争取早日发电,1954-11-01,1954-11
应该加强施工中的技术监督工作,1954-11-01,1954-11
忻县专区油料作物丰收,1954-11-01,1954-11
河南省濮阳县六市农业生产合作社在和灾荒作斗争中得到巩固和发展,1954-11-01,1954-11
再不用逃荒了,1954-11-01,1954-11
最后一座山——康藏公路通讯,1954-11-01,1954-11
重庆市各厂矿的全国人民代表大会代表  积极参加厂内进行的劳动竞赛黑龙江省的代表邓国章回村后带领社员开展增产保收竞赛,1954-11-01,1954-11
青海省河南蒙旗自治区人民政府成立,1954-11-01,1954-11
天津各高等学校积极帮助新生学习,1954-11-01,1954-11
广东群众性体育活动日益开展,1954-11-01,1954-11
六万万人——我国社会主义建设的伟大力量,1954-11-01,1954-11
“红黑榜事件”及其教训,1954-11-01,1954-11
对刑事罪犯必须惩办,1954-11-01,1954-11
总结审判经验，加强审判工作,1954-11-01,1954-11
在苗领山区的一个中共支部,1954-11-01,1954-11
朝最高人民会议第八届会议闭幕通过致南朝鲜国会、各政党、社会团体、    各界人士以及南朝鲜人民的号召书,1954-11-01,1954-11
日本各界著名人士在东京举行会议  成立促进日本同中苏建交的全国性机构,1954-11-01,1954-11
日本的切身问题——苏联“消息报”刊载的文章的摘要,1954-11-01,1954-11
苏联钢铁工业部部长库兹明同志逝世苏联党和政府领导人和各界代表向库兹明同志告别我重工业部部长王鹤寿致电吊唁,1954-11-01,1954-11
保阿两国政府在索非亚举行会谈后发表公报保加利亚将给予阿尔巴尼亚长期贷款,1954-11-01,1954-11
我保卫和平委员会致电法国和平理事会祝贺法国人民举行“全国争取和平行动日”,1954-11-01,1954-11
法国首都各界代表举行大会  要求和越南民主共和国建立经济文化关系,1954-11-01,1954-11
苏联的科学技术是最先进的,1954-11-01,1954-11
联大特别政委会结束南非境内印度人待遇问题的讨论决议由有关国家通过直接谈判解决争端,1954-11-01,1954-11
联大全会通过缅甸控诉蒋匪侵略案的决议,1954-11-01,1954-11
纪念解放贝尔格莱德牺牲的苏军士兵南斯拉夫首都举行公墓落成典礼和献花圈仪式,1954-11-01,1954-11
表里相反的幌子,1954-11-01,1954-11
应邀访问我国的外国朋友发表访华观感,1954-11-01,1954-11
四川秋粮统购密切结合生产进行  第四季度外调余粮可比去年同期增一倍多,1954-11-02,1954-11
在苏联先进经验和专家帮助下鞍钢职工提出许多合理化建议,1954-11-02,1954-11
十月份厂际竞赛获得良好效果首都六十八个厂矿完成生产计划,1954-11-02,1954-11
集宁—乌兰巴托铁路铺轨到杨四庙车站,1954-11-02,1954-11
周总理接见印度尼西亚政府代表团,1954-11-02,1954-11
解放军空军猛烈轰炸大陈岛蒋贼军,1954-11-02,1954-11
福建前线解放军又击落蒋贼飞机两架,1954-11-02,1954-11
太原第一发电厂出现许多先进人物和单位,1954-11-02,1954-11
武汉轻工业工厂为国家节约很多工业原料,1954-11-02,1954-11
一九五四年十一月二日内容提要,1954-11-02,1954-11
中华人民共和国国务院命令,1954-11-02,1954-11
河北山东辽宁等省广大农民把棉花晒干拣净卖给国家,1954-11-02,1954-11
加强对中药的管理和研究工作,1954-11-02,1954-11
轻工业部医药工业管理局着手进行关于中药生产的调查研究工作,1954-11-02,1954-11
河北唐山专区农民超额完成今年增产计划,1954-11-02,1954-11
李顺达、郭玉恩领导的农业生产合作社在秋收中细收细打可多收粮食五千多斤,1954-11-02,1954-11
西康省主要粮食作物产量普遍增加,1954-11-02,1954-11
新建国营郑州第三棉纺织厂开始安装机器,1954-11-02,1954-11
吉林省农民喜爱蒙古马,1954-11-02,1954-11
华东农民踊跃把新黄豆卖给国家,1954-11-02,1954-11
武汉地区大力进行堤防建设工作,1954-11-02,1954-11
兰新铁路黄河正桥渡过汛期现已继续施工,1954-11-02,1954-11
沈阳重型机器厂金工车间开始改建,1954-11-02,1954-11
哈尔滨电表仪器厂在建设中,1954-11-02,1954-11
北京琉璃河水泥厂扩建工程将全部竣工,1954-11-02,1954-11
广西省柳州贮材场安装电动木材出河机,1954-11-02,1954-11
上海大中华橡胶厂试制人造胶汽车轮胎成功,1954-11-02,1954-11
什么东西阻碍着商业计划的完成,1954-11-02,1954-11
指导是具体领导的方法,1954-11-02,1954-11
访问斯大林城赫尔曼村的集体农庄,1954-11-02,1954-11
拥护最高人民会议和平统一朝鲜的号召  平壤市二十万人举行盛大集会,1954-11-02,1954-11
莫斯科举行库兹明同志的安葬仪式,1954-11-02,1954-11
日本左派社会党主张恢复中日邦交右派社会党议员主张同我国缔结和约和互不侵犯条约,1954-11-02,1954-11
日本国际贸易促进协会决定邀请我贸易代表团去日本,1954-11-02,1954-11
捷出版“毛泽东选集”捷克文版第二卷,1954-11-02,1954-11
印度尼赫鲁总理返国途中从西贡到达金边,1954-11-02,1954-11
海阳市人民热烈欢迎越南人民军  河内周围的铁路运输正迅速恢复发展中,1954-11-02,1954-11
美国政府公然蹂躏国际法规和基本人权竟把被蒋贼强迫扣留的波兰船员多人劫持到美国去,1954-11-02,1954-11
联合国必须迅速讨论美国武装侵略台湾问题,1954-11-02,1954-11
加强团结，加强工作，为解放台湾的神圣事业而奋斗！,1954-11-02,1954-11
河北省全面布置统购统销工作  耿长锁农业合作社按照合同出售粮棉油料,1954-11-03,1954-11
我国石油钻探技术水平迅速提高  各石油探区职工提出进一步增产节约目标,1954-11-03,1954-11
山西省许多基本建设单位和钻探工地加紧进行冬季施工的准备工作包头各工地的防寒取暖准备工作已就绪,1954-11-03,1954-11
帮助我国建设农场的第一批苏联专家到京,1954-11-03,1954-11
中南行政委员会定七日撤销,1954-11-03,1954-11
迎接十月社会主义革命节长治中苏友好集体农庄展开劳动竞赛,1954-11-03,1954-11
人民空军和炮兵轰击一江山岛上的蒋贼军高射炮部队击落击伤窜扰福建的蒋贼飞机八架,1954-11-03,1954-11
人民空军机群轰炸大陈岛蒋贼军,1954-11-03,1954-11
一九五四年十一月三日内容提要,1954-11-03,1954-11
中苏石油公司四年来有很大发展  石油开采量到今年年底可提高二十六倍多,1954-11-03,1954-11
教育人民自觉地履行公民义务,1954-11-03,1954-11
黑龙江国营机械工业制成二百多种新产品长春市地方国营工业试制一批新产品成功,1954-11-03,1954-11
我国自制氩气成功,1954-11-03,1954-11
河南省治淮工程中涌现劳动模范四万人,1954-11-03,1954-11
江西广东两省农民积极扩大冬种面积,1954-11-03,1954-11
内蒙古察哈尔右翼后旗牧民组织了六十个畜牧业生产互助组,1954-11-03,1954-11
湖北省努力帮助灾民和渔民推销水产品,1954-11-03,1954-11
有色金属工业管理局抚顺第二工地职工  创造角铁模架大大加快施工速度,1954-11-03,1954-11
哈尔滨枕木防腐工厂开始兴建,1954-11-03,1954-11
粮食统购统销的重大成就,1954-11-03,1954-11
各地食油厂推广先进经验提高出油率许多城市推广节约油料增加油品生产的新方法,1954-11-03,1954-11
最先进的机械制造业——参观苏联经济及文化建设成就展览会以后,1954-11-03,1954-11
中国食品公司推广双层装猪法节约开支,1954-11-03,1954-11
广东省各地党政机关和学校积极指导未能升学的毕业生从事生产工作河南省初中和高小毕业生参加生产的有十六万多人,1954-11-03,1954-11
西康省举行中医代表会议,1954-11-03,1954-11
首都人民参加义务劳动星期日,1954-11-03,1954-11
沈阳市部分工厂建立“妇女卫生室”,1954-11-03,1954-11
克服盲目乐观情绪，加强建立农业生产合作社中的政治思想工作,1954-11-03,1954-11
华东作家协会召开关于“红楼梦”研究讨论会,1954-11-03,1954-11
河北工人干部踊跃捐助水灾地区受灾人民,1954-11-03,1954-11
我代俞平伯先生写了哪几篇文章,1954-11-03,1954-11
世界和平理事会决定举行常会,1954-11-03,1954-11
世界和平理事会主席约里奥—居里发表声明谴责武装西德的伦敦和巴黎协定,1954-11-03,1954-11
英国保卫国际安全大会在伦敦举行通过关于德国问题的决议和维护和平宣言,1954-11-03,1954-11
法国各地举行反对武装西德的“全国行动日”,1954-11-03,1954-11
感谢苏法建交三十周年的贺电  赫里欧复电苏最高苏维埃代表沃尔科夫等,1954-11-03,1954-11
英国贝尔纳教授谈我国在科学方面的发展,1954-11-03,1954-11
印度尼西亚著名人士发表访华观感,1954-11-03,1954-11
印度石油工会总书记回国,1954-11-03,1954-11
澳作家斯崔特夫人等回国,1954-11-03,1954-11
在美国竞选运动最后几天中美国两党政客激烈对骂,1954-11-03,1954-11
苏联的社会主义农业,1954-11-03,1954-11
英国保卫国际安全大会在伦敦举行中国人民保卫世界和平委员会致电大会祝贺,1954-11-03,1954-11
全国油脂工业先进经验交流大会在京举行决定增产植物油两亿斤,1954-11-04,1954-11
黑龙江省把发展农业合作社作为常年工作,1954-11-04,1954-11
中苏民用航空公司提前完成今年生产计划,1954-11-04,1954-11
中缅两国贸易谈判公报,1954-11-04,1954-11
中缅两国签订换货议定书,1954-11-04,1954-11
日本红十字会、日中友好协会等团体欢宴我国红十字会访日代表团,1954-11-04,1954-11
莫斯科音乐剧院访问演出开幕,1954-11-04,1954-11
日本国会议长欢宴我国红十字会代表团,1954-11-04,1954-11
浙江前线解放军继续炮击一江山岛蒋贼军,1954-11-04,1954-11
我人民空军机群轰炸大陈岛蒋贼军的经过,1954-11-04,1954-11
一九五四年十一月四日内容提要,1954-11-04,1954-11
当前国营商业的迫切任务,1954-11-04,1954-11
鞍钢炼钢厂超额完成十月份国家计划,1954-11-04,1954-11
苏联专家对宝成路南段工程提供宝贵意见节省亿万元建筑费并加快了工程进度,1954-11-04,1954-11
我国自制的全自动电测仪工作效率很高,1954-11-04,1954-11
安徽省沿江地区人民积极准备修复堤防江西省沿江滨湖地区堤防修复工程局部动工,1954-11-04,1954-11
湖北省黄冈专区沿江灾民和渔民努力捕鱼浙江省渔民积极准备迎接冬季渔汛,1954-11-04,1954-11
广东省渔业供销合作社成立,1954-11-04,1954-11
德宏傣族景颇族自治区加强薄弱地区工作,1954-11-04,1954-11
第一机械工业部所属沈阳各厂第四季度继续试制大量新产品,1954-11-04,1954-11
四川省将在春耕前修成一万多个山弯大塘,1954-11-04,1954-11
黑龙江省农民大量储备牲畜饲料,1954-11-04,1954-11
广西省临桂等五县推行“猪牛看槽保健”工作,1954-11-04,1954-11
从苏联展览会看苏联农业机械制造业,1954-11-04,1954-11
邢台县前炉子乡农业生产合作社是怎样贯彻阶级路线的,1954-11-04,1954-11
全国人民代表大会代表王崇伦、孟泰、张明山积极带动广大职工努力提高产品质量,1954-11-04,1954-11
杭州市公立医疗机构聘请中医师参加工作湖南医学院邀请中医报告中医学的发展,1954-11-04,1954-11
南京举办有关台湾问题讲座,1954-11-04,1954-11
邮电部发行苏联展览会纪念邮票,1954-11-04,1954-11
向具有高度独创性的苏联歌剧学习——“暴风雨”观后感,1954-11-04,1954-11
苗区一农家,1954-11-04,1954-11
检讨我在“文艺报”所犯的错误,1954-11-04,1954-11
坚强的筑路战士杨海银,1954-11-04,1954-11
苏联人民迎接伟大的十月革命节,1954-11-04,1954-11
苏联人民的物质福利一天比一天提高,1954-11-04,1954-11
印度尼赫鲁总理经过仰光回到加尔各答加市市民集会欢迎尼赫鲁访问中国归来,1954-11-04,1954-11
民主德国、英国、比利时等国广大公众反对重新武装西德要求尽速恢复德国统一,1954-11-04,1954-11
越南迅速修复河内到越中边界南关的铁路,1954-11-04,1954-11
寮国战斗部队和越南志愿人员代表团抗议法方的诽谤和违反停战协定的行动,1954-11-04,1954-11
柬埔寨王国同意不歧视高棉抗战人员,1954-11-04,1954-11
民主德国艺术家代表团回国,1954-11-04,1954-11
伟大的莫斯科,1954-11-04,1954-11
各城市热烈迎接十月革命三十七周年广泛宣传中苏会谈的成就,1954-11-05,1954-11
中苏民用航空公司和北京苏联红十字医院集会庆祝十月社会主义革命三十七周年,1954-11-05,1954-11
山西省宣传苏联农业先进经验,1954-11-05,1954-11
联合国大会总务委员会把美国侵略我国问题列入议程,1954-11-05,1954-11
旅日侨胞热烈欢迎中国红十字会代表团,1954-11-05,1954-11
日本各团体向中国红十字会代表团赠礼日本红十字会举行茶会欢迎中国红十字会代表团,1954-11-05,1954-11
日本各界举行追悼我国抗日烈士大会中国红十字会代表团参加聂耳纪念碑落成式,1954-11-05,1954-11
人民空军机群再次猛炸一江山岛蒋贼军,1954-11-05,1954-11
华东军区各部队欢呼打击蒋贼军的胜利杭州市民纷纷表示要加强支援解放军解放台湾和沿海岛屿,1954-11-05,1954-11
波兰在上海设领事馆,1954-11-05,1954-11
一九五四年十一月五日内容提要,1954-11-05,1954-11
爱护和保卫公共财产,1954-11-05,1954-11
齐齐哈尔第一机床厂运用专题会议形式发挥集体智慧解决试制新产品的技术问题,1954-11-05,1954-11
湖南省油茶成熟总产量将比去年增加三成,1954-11-05,1954-11
江西省积极帮助回乡灾民重建家园  安徽省芜湖专区受灾群众展开副业生产,1954-11-05,1954-11
开垦黄河三角洲,1954-11-05,1954-11
甘肃省天水专区具体领导山区农业生产,1954-11-05,1954-11
食油计划供应实施后北京、天津的食油供应得到保证,1954-11-05,1954-11
张家口油脂化工厂提前完成全年计划,1954-11-05,1954-11
大连港站提前完成十月份运输任务,1954-11-05,1954-11
抚顺煤田境界扩大,1954-11-05,1954-11
把更多的余粮卖给国家,1954-11-05,1954-11
我们衷心的感谢    学习苏联先进经验  学习苏联专家的工作作风,1954-11-05,1954-11
中国科学院主办金属研究工作报告会,1954-11-05,1954-11
西南图书馆清理出一千多种中医中药图书,1954-11-05,1954-11
党组织的政治工作保证了北徐屯农业生产合作社的巩固和扩大,1954-11-05,1954-11
清除胡适的反动哲学遗毒    ——兼评俞平伯研究红楼梦的错误观点和方法,1954-11-05,1954-11
迎接十月革命三十七周年人民民主国家工人展开生产竞赛,1954-11-05,1954-11
日本全国各地展开庆祝十月革命节的活动,1954-11-05,1954-11
日本“赤旗报”就日本在华战犯问题发表社论,1954-11-05,1954-11
日本左派社会党主席铃木茂三郎发表谈话  主张中日两国建立更密切的关系,1954-11-05,1954-11
印共西孟加拉省委会就尼赫鲁访华发表声明号召印度人民加强团结争取和平,1954-11-05,1954-11
缅甸仰光和平委员会代表大会通过决议支持中缅总理联合声明反对“东南亚集体防务条约”,1954-11-05,1954-11
朝鲜最高人民会议号召书送给南朝鲜国会议长,1954-11-05,1954-11
苏联最高苏维埃主席团发布命令  以勋章和奖章授予一批苏联外交工作人员,1954-11-05,1954-11
我人民解放军歌舞团继续在波兰各地演出,1954-11-05,1954-11
应邀访问我国的外国朋友们发表访华观感,1954-11-05,1954-11
缅甸政府贸易代表团回国,1954-11-05,1954-11
美国共和党在选举中失败民主党控制了美国众议院,1954-11-05,1954-11
印度支那停战协定一百天来的执行情况    ——越南“人民报”十一月三日社论,1954-11-05,1954-11
为庆祝十月社会主义革命三十七周年我文化部举办苏联电影周,1954-11-06,1954-11
苏联展览馆苏方工作人员举行庆祝会,1954-11-06,1954-11
哈尔滨量具刃具厂职工和苏联专家联欢,1954-11-06,1954-11
慰问苏军艺术团将在旅顺进行慰问演出,1954-11-06,1954-11
我国驻英国代办宦乡拜会艾登递交委任书,1954-11-06,1954-11
东京各界举行盛大集会欢迎我国红十字会访日代表团,1954-11-06,1954-11
日本红十字会会长和东京都知事  分别设宴招待我国红十字会访日代表团,1954-11-06,1954-11
我国驻加尔各答总领事招待我国贸易代表团,1954-11-06,1954-11
日本和平联络会主席松本治一郎离京赴苏,1954-11-06,1954-11
海军某巡逻艇部队涌现大批英雄模范,1954-11-06,1954-11
一九五四年十一月六日内容提要,1954-11-06,1954-11
参观了苏联展览会的河南省工人决心带头学习苏联先进经验,1954-11-06,1954-11
大型谷物农场开始勘查设计工作,1954-11-06,1954-11
苏联——全世界人民的榜样,1954-11-06,1954-11
加紧努力完成今年的基本建设计划,1954-11-06,1954-11
贯彻棉布统购统销和棉花统购的政策超额完成十月份购棉计划,1954-11-06,1954-11
贯彻棉布统购统销和棉花统购的政策购棉任务即将完成,1954-11-06,1954-11
北京市国营商业十月份销售计划超额完成,1954-11-06,1954-11
贯彻棉布统购统销和棉花统购的政策带头集体卖棉,1954-11-06,1954-11
贯彻棉布统购统销和棉花统购的政策设法增收和节省棉花,1954-11-06,1954-11
贯彻棉布统购统销和棉花统购的政策轧花工人展开竞赛,1954-11-06,1954-11
贯彻棉布统购统销和棉花统购的政策调剂购布票,1954-11-06,1954-11
贯彻棉布统购统销和棉花统购的政策根据消费者需要准备布匹,1954-11-06,1954-11
西南最大的水力发电站四川省龙溪河狮子滩水电站紧张施工,1954-11-06,1954-11
汉水公路桥工程开工,1954-11-06,1954-11
佳木斯糖厂今年的建设工程提前完成,1954-11-06,1954-11
山东省农民开展麦田查苗补苗工作,1954-11-06,1954-11
安徽省江淮堤防溃口堵复工程基本完成,1954-11-06,1954-11
一座新兴的石油城——中苏石油股份公司独山子油矿,1954-11-06,1954-11
感谢苏联专家帮助我们修建武汉长江大桥,1954-11-06,1954-11
在苏联专家的教导下,1954-11-06,1954-11
全国第一次职工体育工作会议开幕,1954-11-06,1954-11
全国各地职工体育运动有很大发展,1954-11-06,1954-11
天津市人民政府认真处理人民代表的提案,1954-11-06,1954-11
各地组织未能升学的高小和初中毕业生进行自学的初步经验,1954-11-06,1954-11
我们是怎样组织未能升学的初中毕业生进行自学的,1954-11-06,1954-11
“万事大吉”吗？,1954-11-06,1954-11
爱护社里的牛,1954-11-06,1954-11
上海市积极开展工厂卫生工作,1954-11-06,1954-11
通过业余党校进行理论教育工作的几点经验,1954-11-06,1954-11
苏联人民创造各种新的劳动成就迎接伟大的十月革命三十七周年,1954-11-06,1954-11
朝鲜劳动党中央委员会举行全体会议讨论恢复和发展农村经济的方针等问题,1954-11-06,1954-11
关于举行亚洲国家缓和国际局势会议问题——拉·尼赫鲁夫人对“真理报”驻德里记者的谈话,1954-11-06,1954-11
苏联驻越南大使向胡志明主席呈递国书,1954-11-06,1954-11
东京举行促进恢复日苏、日中邦交大会,1954-11-06,1954-11
法属北非人民展开反殖民统治的武装斗争,1954-11-06,1954-11
法国在印的属地归还印度,1954-11-06,1954-11
阿尔及利亚共产党政治局和法国总工会谴责法殖民当局在阿尔及利亚的野蛮镇压,1954-11-06,1954-11
“消息报”发表文章评论美国国会选举结果,1954-11-06,1954-11
美国民主党控制了国会两院,1954-11-06,1954-11
日本拥护和平委员会举行和平运动积极分子会议决定展开国民运动宣传中苏对日关系宣言,1954-11-06,1954-11
革命是从这里开始的,1954-11-06,1954-11
庆祝十月社会主义革命三十七周年中苏友协总会举行庆祝会,1954-11-07,1954-11
一九五四年十一月七日内容提要,1954-11-07,1954-11
祝贺伟大的十月社会主义革命三十七周年毛泽东、周恩来致伏罗希洛夫、马林科夫、莫洛托夫电,1954-11-07,1954-11
祝贺伟大的十月社会主义革命三十七周年中国共产党中央委员会致苏联共产党中央委员会电,1954-11-07,1954-11
庆祝十月社会主义革命三十七周年宋庆龄副会长的讲话,1954-11-07,1954-11
庆祝十月社会主义革命三十七周年苏联大使尤金院士的讲话,1954-11-07,1954-11
永远和苏联在一起，为世界和平和社会主义事业而奋斗,1954-11-07,1954-11
一零二钢铁厂唐瑞福小组给苏联工人的信,1954-11-07,1954-11
鞍钢化工总厂厂长给苏联焦化工厂的信,1954-11-07,1954-11
江岸机车车辆修理厂厂长给苏联专家的信,1954-11-07,1954-11
广州市劳动模范王生保给苏联工人的信,1954-11-07,1954-11
云南省工业劳动模范曾文昌给苏联工人的信,1954-11-07,1954-11
西安第二发电厂锅炉工人石金铎给苏联专家的信,1954-11-07,1954-11
中苏友好集体农庄给“斯大林”集体农庄的信,1954-11-07,1954-11
李顺达给“十月胜利”集体农庄主席的信,1954-11-07,1954-11
吕鸿宾给“斯大林”集体农庄主席的信,1954-11-07,1954-11
饶兴礼给“红十月”集体农庄庄员的信,1954-11-07,1954-11
江苏省治淮指挥部技术员给苏联专家的信,1954-11-07,1954-11
十月的光辉,1954-11-07,1954-11
伟大的十月社会主义革命的胜利和苏中两国人民友谊的加强,1954-11-07,1954-11
参加展览会的苏联科学家,1954-11-07,1954-11
生荒地——取得丰裕的谷物的泉源,1954-11-07,1954-11
集体劳动的伟大成果,1954-11-07,1954-11
在古比雪夫水电站建筑工地上,1954-11-07,1954-11
劳动生产率在增长,1954-11-07,1954-11
莫斯科今日举行部队检阅和群众游行,1954-11-07,1954-11
我国各地人民庆祝十月革命节,1954-11-07,1954-11
五年来中苏贸易关系不断发展,1954-11-07,1954-11
联合国大会举行全体会议一致通过苏联等五国裁军提案,1954-11-07,1954-11
伟大节日前夕的莫斯科,1954-11-07,1954-11
中国红十字会访日代表团到名古屋参观日本爱知县知事和名古屋市长设宴招待代表团,1954-11-07,1954-11
祝贺十月社会主义革命三十七周年钱俊瑞总干事致杰尼索夫主席电,1954-11-07,1954-11
祝贺十月社会主义革命三十七周年  全国总工会致全苏工会中央理事会电,1954-11-07,1954-11
应邀访问我国的外国朋友们发表观感,1954-11-07,1954-11
十月革命给俄国各族人民开辟了走向民族复兴的道路,1954-11-07,1954-11
庆祝伟大的十月社会主义革命三十七周年莫斯科举行盛大庆祝会和阅兵式  苏联党和政府的领袖马林科夫同志等出席,1954-11-08,1954-11
苏联大使尤金举行盛大招待会,1954-11-08,1954-11
全国各城市热烈庆祝十月革命节,1954-11-08,1954-11
萨布罗夫同志在莫斯科十月革命节庆祝会上的报告,1954-11-08,1954-11
一九五四年十一月八日内容提要,1954-11-08,1954-11
苏联大使尤金院士的讲话,1954-11-08,1954-11
朱德副主席的讲话,1954-11-08,1954-11
加紧赶修集宁—乌兰巴托铁路,1954-11-08,1954-11
建设我们的石油基地,1954-11-08,1954-11
忆苏联专家罗国仁同志,1954-11-08,1954-11
在苏联专家帮助下的中国人民大学,1954-11-08,1954-11
感谢苏联帮助我国建立大型谷物农场,1954-11-08,1954-11
伟大的友谊，幸福的未来,1954-11-08,1954-11
内蒙古中苏友好协会的工作取得成绩,1954-11-08,1954-11
石景山钢铁厂医院实行车间医师制,1954-11-08,1954-11
“争取持久和平，争取人民民主！”中文版一九五四年第四十三期内容介绍,1954-11-08,1954-11
苏联的高等学校为争取新成就而斗争,1954-11-08,1954-11
书籍在苏联是群众的财产,1954-11-08,1954-11
为集体农庄生产的全部机械化而斗争,1954-11-08,1954-11
劳动人民获得越来越多的优良的和美观的织物,1954-11-08,1954-11
劳动人民的购买力不断提高,1954-11-08,1954-11
解放军志愿军战士写信慰问水灾地区人民,1954-11-08,1954-11
内蒙古和康藏地区推广针灸疗法,1954-11-08,1954-11
布尔加宁元帅阅兵时的演说,1954-11-08,1954-11
印度总理尼赫鲁回到德里并发表谈话,1954-11-08,1954-11
苏联国防部部长布尔加宁元帅发布庆祝十月革命节的命令,1954-11-08,1954-11
日本京都人民热烈欢迎我红十字会代表团,1954-11-08,1954-11
德意志民主共和国洪堡大学格雷尔教授来我国讲学,1954-11-08,1954-11
国家计划委员会工作组到北京第二纺织厂调查基本建设投资潜在力,1954-11-09,1954-11
国营钢铁、煤矿工业完成上月计划  鞍钢十月份的基本建设计划也超额完成,1954-11-09,1954-11
全国人民代表大会常务委员会举行会议批准国务院设立直属机构主办专门业务,1954-11-09,1954-11
我驻芬兰大使陈辛仁向芬兰总统呈递国书,1954-11-09,1954-11
解放军和志愿军庆祝十月革命节,1954-11-09,1954-11
慰问苏军艺术团在旅顺地区开始演出,1954-11-09,1954-11
日本京都人民盛会欢迎我红十字会代表团,1954-11-09,1954-11
苏联报刊工作者代表团回京,1954-11-09,1954-11
英国各界访华代表团在京向记者发表声明,1954-11-09,1954-11
解放军某炮兵部队重创一艘蒋贼军舰  福建前线蒋贼军九名向解放军投降,1954-11-09,1954-11
一九五四年十一月九日内容提要,1954-11-09,1954-11
青岛纺织管理局九个国营棉纺织厂第三季度节约用棉八万六千多斤,1954-11-09,1954-11
让工业品迅速下乡,1954-11-09,1954-11
佛子岭水库工程全部完工,1954-11-09,1954-11
辽宁省国营商业部门争取完成销售计划,1954-11-09,1954-11
在西藏军区和西藏地方政府的全力帮助下西藏受灾地区藏族人民正在重新建立家园,1954-11-09,1954-11
中国医药公司成药下乡工作有成绩,1954-11-09,1954-11
向苏联戏剧专家学习,1954-11-09,1954-11
纪念十月社会主义革命,1954-11-09,1954-11
支援湖北省水灾地区的农民恢复生产  武汉市人民捐献寒衣五十多万件,1954-11-09,1954-11
北京市建筑工程局进行冬季施工准备,1954-11-09,1954-11
鞍山又建一座煤气贮藏塔,1954-11-09,1954-11
正确贯彻粮食统购政策,1954-11-09,1954-11
冰川——康藏公路通讯,1954-11-09,1954-11
教育部颁发师范专科学校暂行教学计划,1954-11-09,1954-11
北京大学召开关于“红楼梦”研究的座谈会,1954-11-09,1954-11
东北电影制片厂译制了大量苏联影片,1954-11-09,1954-11
清华大学奖励生产实习中成绩优秀的学生,1954-11-09,1954-11
沈阳市公安局举行评奖大会,1954-11-09,1954-11
山东举行第四届体育大会,1954-11-09,1954-11
谈苏联国立莫斯科音乐剧院的“天鹅湖”,1954-11-09,1954-11
在夜晚的公路上,1954-11-09,1954-11
台湾起义空军人员胡弘一和家人的团聚,1954-11-09,1954-11
中国少年报庆祝创刊三周年,1954-11-09,1954-11
评苏联电影“收获”,1954-11-09,1954-11
莫洛托夫外长举行庆祝十月革命节招待会,1954-11-09,1954-11
庆祝伟大的十月革命三十七周年莫斯科人民举行盛大节日游行,1954-11-09,1954-11
莫斯科节日夜景,1954-11-09,1954-11
发起新的竞赛提前完成第五个五年计划莫斯科各先进企业向全苏联职工发出号召,1954-11-09,1954-11
各国人民热烈庆祝十月革命节,1954-11-09,1954-11
蔡畅致电波波娃祝贺十月革命节,1954-11-09,1954-11
尼泊尔首相表示同意和平共处的五项原则,1954-11-09,1954-11
联大把控诉美国侵略我国的项目列入议程政委会开始讨论原子能和平用途方面的国际合作问题,1954-11-09,1954-11
美国当局加紧活动阻挠我国解放台湾,1954-11-09,1954-11
叙利亚总理在议会发表声明叙利亚拒绝参加有损国家利益的联盟,1954-11-09,1954-11
为裁减军备和禁止大规模毁灭性武器而努力,1954-11-09,1954-11
苏联专家对鞍钢作出卓越的贡献五年来提出三万多件重大建议,1954-11-10,1954-11
北京建筑工程局九个月降低成本千余亿元全市已有一百八十多个建筑工地的职工展开劳动竞赛,1954-11-10,1954-11
山东全省增产三十二亿多斤秋粮  热河省农民细收细打增加了半成年景,1954-11-10,1954-11
安徽省今年新建八千多个农业合作社  甘肃省各级党委积极领导建社工作,1954-11-10,1954-11
今年冬季治淮工程陆续开始施工,1954-11-10,1954-11
神户华侨开会欢迎我国红十字会代表团,1954-11-10,1954-11
我国红十字会代表团在大阪受到热烈欢迎,1954-11-10,1954-11
福建前线海军某部许多指战员立了战功,1954-11-10,1954-11
美国飞机屡次侵入我国领空进行武装挑衅,1954-11-10,1954-11
一九五四年十一月十日内容提要,1954-11-10,1954-11
我国发现两个巨大的金属矿区,1954-11-10,1954-11
许多工厂提前完成全年生产计划,1954-11-10,1954-11
国营天津各棉纺织厂积极节约用棉预计第四季可节约原棉二十万斤,1954-11-10,1954-11
坚决肃清流氓、盗匪的活动,1954-11-10,1954-11
河南省农民按照国家计划适时播种小麦洞庭湖滨农民利用出水田垸种植冬季作物,1954-11-10,1954-11
广东省将在明年大量推广新式农具,1954-11-10,1954-11
山西省各地信用合作组织蓬勃发展今年年底全省百分之七十二的乡都将建立起信用合作社,1954-11-10,1954-11
鞍山市职工踊跃储蓄,1954-11-10,1954-11
资中县屠宰场用猪骨熬油,1954-11-10,1954-11
河北辽宁热河等省秋耕运动普遍展开,1954-11-10,1954-11
吉首县扩大秋冬作物面积,1954-11-10,1954-11
向苏联建筑专家学习的几点体会    学习苏联先进经验  学习苏联专家的工作作风,1954-11-10,1954-11
新疆省秋前建立一百多个农业生产合作社,1954-11-10,1954-11
全国油脂工业先进经验交流大会  决定在四平市等地成立技术工人训练班,1954-11-10,1954-11
青岛私营汽车运输企业纷纷参加公私合营,1954-11-10,1954-11
向后看不得,1954-11-10,1954-11
庆祝十月革命三十七周年首都青年和在京的苏联青年举行联欢会,1954-11-10,1954-11
政协全国委员会民族事务组邀请佛教界和伊斯兰教界人士座谈宪法,1954-11-10,1954-11
苏联专家帮助天津大学进行教学改革,1954-11-10,1954-11
北京举行职工业余文艺会演,1954-11-10,1954-11
中共斗面乡支部学会了办农业生产合作社,1954-11-10,1954-11
把炸弹倾倒在敌人头上,1954-11-10,1954-11
“文艺报”编者应该彻底检查资产阶级作风,1954-11-10,1954-11
苏共中央和苏联部长会议发表购粮计划完成情况的通报,1954-11-10,1954-11
苏联国营农场交纳的农畜产品大大增加,1954-11-10,1954-11
苏联和匈牙利两国政府发表公报  把苏匈股份公司中的苏方股份移交给匈方,1954-11-10,1954-11
苏联政府照会美国政府强硬抗议美国军用飞机侵犯苏联国境,1954-11-10,1954-11
西德各地公众反对武装西德的巴黎协定西德社会民主党反对把西德拉进西方军事集团,1954-11-10,1954-11
越南部长会议举行会议听取几项重要报告,1954-11-10,1954-11
寮国战斗部队代表声明承认老挝王国政府向北集结的首批寮国战斗部队到达桑怒省境,1954-11-10,1954-11
罗马尼亚民间音乐队回国,1954-11-10,1954-11
朝鲜人民谋求祖国和平统一的新的努力,1954-11-10,1954-11
湖南各地普遍召开乡人民代表会议总结粮食统购统销的好处四川农民感到统购统销好处决心多卖余粮,1954-11-11,1954-11
团中央召开军事体育工作会议  确定进一步加强团在体育运动中的工作,1954-11-11,1954-11
毛主席任命解放军领导工作人员,1954-11-11,1954-11
全国人民代表大会常务委员会任命名单,1954-11-11,1954-11
武汉市五个纺织厂节约大批原棉  关中地区棉纺织厂的棉布质量有很大改善,1954-11-11,1954-11
新疆省的棉花生产有很大的发展前途,1954-11-11,1954-11
大阪市近四万人欢迎中国红十字会代表团日本关西地区经济界人士设宴招待中国红十字会代表团,1954-11-11,1954-11
李德全团长廖承志副团长会见日本厚生相,1954-11-11,1954-11
在中国红十字会的协助下日本遇难船员遗骨运回日本,1954-11-11,1954-11
许广平举行宴会招待达赖喇嘛的母亲等,1954-11-11,1954-11
西部日本华侨欢宴中国红十字会代表团,1954-11-11,1954-11
一九五四年十一月十一日内容提要,1954-11-11,1954-11
认真编好一九五五年度的国民经济计划,1954-11-11,1954-11
江苏省新建农业生产合作社一万二千多个山西省长治专区百分之六十的农户加入了农业生产合作社,1954-11-11,1954-11
湖南省供销合作社加强旺季物资供应工作,1954-11-11,1954-11
浙江省各厂矿广泛展开增产节约运动第四季度计划增产节约四百五十多亿元,1954-11-11,1954-11
上海机床厂职工积极学习苏联先进经验试制新产品的效率大大提高,1954-11-11,1954-11
大冶钢厂扩建工程超额完成十月份计划,1954-11-11,1954-11
重庆运输公司徐松树等四个行车小组  重视行车安全提前完成全年运输计划,1954-11-11,1954-11
河北河南两省受灾群众积极开展副业生产,1954-11-11,1954-11
国营芦台机械农场改装水田平沟机成功,1954-11-11,1954-11
四川省梁平柚子大量上市,1954-11-11,1954-11
南昌专区组织兽医防治畜疫,1954-11-11,1954-11
苏联农业专家在中国,1954-11-11,1954-11
我们要进一步学习苏联的先进植棉经验,1954-11-11,1954-11
山西省的粮食统购统销工作,1954-11-11,1954-11
厦门人民积极协助公安机关捕获蒋贼特务,1954-11-11,1954-11
蒋贼在福建沿海猖狂残害我大批渔民,1954-11-11,1954-11
河北省冬学工作即将展开,1954-11-11,1954-11
鄂伦春人第一次观看电影,1954-11-11,1954-11
福建人民公安机关破获九起美蒋特务案件主从犯中二十四名已被依法分别判处死刑和徒刑,1954-11-11,1954-11
加强沿海地区的反特务斗争,1954-11-11,1954-11
支持有价值的倡议,1954-11-11,1954-11
挽回四十六亿的损失,1954-11-11,1954-11
高等教育部举办中等专业教育讲习班,1954-11-11,1954-11
苏联社会主义建设时期的商业工作,1954-11-11,1954-11
胡志明主席答法新社记者问,1954-11-11,1954-11
联大政委会继续讨论原子能和平用途方面的国际合作问题维辛斯基发言评论美英等七国提案的内容,1954-11-11,1954-11
斯大林格勒和考文垂两市发出联合呼吁书要求联合国采取措施禁止原子武器、氢武器,1954-11-11,1954-11
印度尼西亚共产党中央委员会举行全会,1954-11-11,1954-11
全德科学和文化工作者在柏林举行联谊会发表声明保证为德国人之间的谅解作出贡献,1954-11-11,1954-11
我民主青联电世界青联祝贺“世界青年日”,1954-11-11,1954-11
越南人民军总司令部代表抗议法方屠杀平民和进行报复等非法行为,1954-11-11,1954-11
美国加紧同蒋贼谈判签订军事侵略条约,1954-11-11,1954-11
访问我国的外国朋友们发表观感,1954-11-11,1954-11
苏联乌里扬诺夫斯克州艺术博物馆举办中国艺术展览会,1954-11-11,1954-11
山东全面开始统购粮食棉花油料,1954-11-12,1954-11
甘肃省今年秋季粮食作物普遍丰收,1954-11-12,1954-11
解放军、志愿军各部队普遍学习全国人民代表大会文件,1954-11-12,1954-11
电业管理总局召开全国电业基本建设会议要求各单位保证完成今年基本建设计划,1954-11-12,1954-11
西北行政委员会在八日撤销,1954-11-12,1954-11
日本妇女团体欢宴我国红十字会代表团廖承志出席日本社会名流主办的“日中和平恳谈会”,1954-11-12,1954-11
波贸易代表团首批人员到京,1954-11-12,1954-11
人民解放军福建前线指挥机关  嘉奖毁伤蒋贼飞机八架的某高射炮部队,1954-11-12,1954-11
一九五四年十一月十二日内容提要,1954-11-12,1954-11
深切体验到国家实行粮食统购统销的好处河北江西农民踊跃售粮,1954-11-12,1954-11
北京市一百一十个厂矿企业完成十月份总产值计划,1954-11-12,1954-11
全国供销合作社召开土产交流会,1954-11-12,1954-11
贯彻多购余粮的方针，争取超额完成粮食统购任务,1954-11-12,1954-11
鞍山钢铁公司基本建设部门订出计划向苏联专家进行有系统的学习西南钢铁公司奖励贯彻专家建议有成绩的职工,1954-11-12,1954-11
山西省供销合作社供应物资配合统购工作,1954-11-12,1954-11
水利部拨款两万多亿元在水灾区堵口复堤,1954-11-12,1954-11
湖北省水灾地区努力堵口复堤排水播种,1954-11-12,1954-11
内蒙古和甘肃省农民把大量油料卖给国家,1954-11-12,1954-11
西康省汉人地区普遍扩大油菜种植面积,1954-11-12,1954-11
国营芦台农场大豆丰收,1954-11-12,1954-11
苏联专家在水利战线上,1954-11-12,1954-11
苏联专家给我们的教育,1954-11-12,1954-11
高原上的丰收,1954-11-12,1954-11
西北各地贸易公司努力经营国产药材,1954-11-12,1954-11
江苏省供销合作社积极推广双轮双铧犁,1954-11-12,1954-11
人们在改造着荒凉的山谷,1954-11-12,1954-11
北京市十七个中医联合诊所同七十多个农业生产合作社订立医疗合同,1954-11-12,1954-11
郑州发现商代文化遗址和许多古代文物,1954-11-12,1954-11
引黄灌溉区建立土壤化验室,1954-11-12,1954-11
北京师范大学附属中学成立少先宫,1954-11-12,1954-11
北京抚顺人民法院分别判决盗窃凶杀案件,1954-11-12,1954-11
国营企业和合作社应该加强防盗工作,1954-11-12,1954-11
纪念白求恩同志逝世十五周年,1954-11-12,1954-11
红楼梦是“怨而不怒”的吗？——评俞平伯的“红楼梦底风格”,1954-11-12,1954-11
保卫祖国边境的人们——介绍苏联彩色惊险故事片“山中防哨”,1954-11-12,1954-11
波、保两国对外贸易迅速发展  捷、匈等国的机器制造业获得很大成就,1954-11-12,1954-11
朝鲜劳动党中央委员会举行全会金一报告恢复和发展农村经济的方针,1954-11-12,1954-11
西班牙共产党召开第五次代表大会大会通过了党纲，伊巴露丽被选为党的总书记,1954-11-12,1954-11
印度尼西亚内阁局势稳定改组工作将结束万隆和巨港两地群众举行大会支持现任内阁,1954-11-12,1954-11
西德许多城市人民举行示威反对巴黎协定阿登纳为缓和内部分歧决定推迟联邦议院辩论日期,1954-11-12,1954-11
我驻波大使为解放军歌舞团举行招待会,1954-11-12,1954-11
吉田和艾森豪威尔会谈结束,1954-11-12,1954-11
日缅签订和约和赔偿协定,1954-11-12,1954-11
日本组成反吉田的保守“新党”,1954-11-12,1954-11
英议会下院通过马尼拉条约工党议员抨击英政府东南亚政策,1954-11-12,1954-11
英国各界访华代表团回国,1954-11-12,1954-11
企图颠覆印度尼西亚政府的罪恶活动,1954-11-12,1954-11
国家十月份收购大量粮食北京等地迅速调运工业品供应农村需要,1954-11-13,1954-11
中国红十字会代表团离东京回国  李德全团长向东京各报记者发表谈话,1954-11-13,1954-11
岛津忠承设宴欢送中国红十字会代表团,1954-11-13,1954-11
苏联专家和我国工作人员到大型农场现场担任农场顾问的苏联专家离京去现场工作,1954-11-13,1954-11
中国国际贸易促进委员会同阿根廷工商界访问团发表声明双方认为两国贸易关系有广阔的发展前途,1954-11-13,1954-11
我国代表团启程出席世界和平理事会会议,1954-11-13,1954-11
莫斯科音乐剧院演出舞剧“巴黎圣母院”,1954-11-13,1954-11
北京、南京、广州纪念孙中山先生诞辰,1954-11-13,1954-11
一九五四年十一月十三日内容提要,1954-11-13,1954-11
沈阳风动工具厂的改建基本完工  新建和改建的机械装配等车间已投入生产,1954-11-13,1954-11
首都文化学术界人士重视对“红楼梦”研究中错误观点的批判,1954-11-13,1954-11
大力加强职工业余技术教育,1954-11-13,1954-11
上海三家电器工厂和湘潭电机厂按照苏联规格制成优良新产品,1954-11-13,1954-11
国营马鞍山铁厂提前完成全年炼铁计划,1954-11-13,1954-11
北京、天津间新建高压送电线路开始送电,1954-11-13,1954-11
康藏公路跨过最后一座大山——色齐拉山,1954-11-13,1954-11
我国新闻纸开始出口,1954-11-13,1954-11
湖北省各地农民扩大油菜种植面积  河南省信阳专区超额完成油菜播种计划,1954-11-13,1954-11
广东省今年甘蔗总产量将比去年增加四成,1954-11-13,1954-11
湖南醴陵汉寿等县晚稻丰收,1954-11-13,1954-11
在苏联全面的援助下,1954-11-13,1954-11
福建省农民踊跃卖晚稻,1954-11-13,1954-11
雪地里的勘测队员们,1954-11-13,1954-11
在波密地区的公路线上,1954-11-13,1954-11
京郊七个国营农场并成两个,1954-11-13,1954-11
四川江津县再生稻收成良好,1954-11-13,1954-11
购粮任务为什么完成得又好又快,1954-11-13,1954-11
浙江省和温州市人民法院举行宣判大会  判决一批蒋介石卖国集团特务分子,1954-11-13,1954-11
从资本主义到社会主义的过渡时期的基本特点——“政治经济学教科书”第二十二章,1954-11-13,1954-11
战斗在浙江前哨岛屿上的英勇炮兵,1954-11-13,1954-11
正确地指导青年阅读古典文学的作品,1954-11-13,1954-11
苏联各个重要城市和工业中心展开提前完成五年计划的竞赛,1954-11-13,1954-11
苏联设计和制造出许多新的采煤机器并试制出新的曳引力强大的机车和巨型钢管轧制机,1954-11-13,1954-11
苏联和法国在巴黎签订贸易议定书,1954-11-13,1954-11
民主德国援助朝鲜和越南委员会举行会议今年第二批援助朝鲜和越南的物资从柏林运出,1954-11-13,1954-11
印度尼西亚共产党中央委员会全会闭幕通过艾地所作的关于扩大民族团结的报告,1954-11-13,1954-11
印度尼西亚各界要求惩办出卖国家的叛徒苏加诺总统再次指责反动分子的卖国活动,1954-11-13,1954-11
文进勇将军抗议法方侵犯越方领海和领空法方仍不断侵犯和骚扰寮国战斗部队集结地区,1954-11-13,1954-11
越南“人民报”评论美国任命柯林斯为驻南越特使指责美国干涉印度支那国家事务威胁和平,1954-11-13,1954-11
欺骗舆论——“真理报”“观察家”的文章的摘要,1954-11-13,1954-11
揭破巴黎协定贩卖者的欺骗,1954-11-13,1954-11
浙江八个纱厂和山东第一棉纺织厂十月份每件纱的平均用棉量降到定额以下,1954-11-14,1954-11
全国国营电力工业超额完成上月生产计划,1954-11-14,1954-11
周总理电贺印度总理尼赫鲁六十五岁寿辰并送给印度儿童鹿、鹤、金鱼等礼物,1954-11-14,1954-11
世界和平理事会书记处发表公报理事会会议决在本月十八日举行,1954-11-14,1954-11
地质部确定一九五五年地质工作计划任务,1954-11-14,1954-11
水口山矿务局冶炼厂职工创造火力炼锌质量的世界新纪录,1954-11-14,1954-11
陈毅副总理接见波兰文化代表团,1954-11-14,1954-11
陕西省今年粮食产量增加五亿斤全省十月份棉花外调任务超额完成,1954-11-14,1954-11
宋庆龄副委员长等瞻仰孙中山先生故居,1954-11-14,1954-11
我国红十字会访日代表团回到广州,1954-11-14,1954-11
蒋贼在台湾强拆民房广大人民流离失所,1954-11-14,1954-11
一九五四年十一月十四日内容提要,1954-11-14,1954-11
各地厂矿、交通和建筑企业广大职工努力增产节约,1954-11-14,1954-11
苏联文化部把洛蒙诺索夫像赠给北京大学,1954-11-14,1954-11
努力培养青年一代的共产主义道德品质,1954-11-14,1954-11
哈尔滨量具刃具厂介绍,1954-11-14,1954-11
一年六个月,1954-11-14,1954-11
庆祝哈尔滨量具刃具厂投入生产,1954-11-14,1954-11
努力掌握新技术,1954-11-14,1954-11
我是怎样学会掌握新机床的,1954-11-14,1954-11
全国高等农林教育会议闭幕,1954-11-14,1954-11
全国第一次职工体育工作会议闭幕  确定了积极领导职工体育运动的方针,1954-11-14,1954-11
山东大学举行“红楼梦”研究讨论会,1954-11-14,1954-11
从资本主义到社会主义的过渡时期的基本特点——“政治经济学教科书”第二十二章,1954-11-14,1954-11
哈尔滨市图书馆举办文学名著报告会,1954-11-14,1954-11
美的思想和美的形象——“苏联彩色动画片第四集”观后,1954-11-14,1954-11
把新产粮区同工业区联结起来苏联在开垦地区修建铁路和公路,1954-11-14,1954-11
苏联人民和世界工联关怀意大利受灾居民,1954-11-14,1954-11
索克向香港报界谈五项原则和访华观感英迪拉·甘地夫人谈在我国旅行的印象,1954-11-14,1954-11
印度尼西亚共产党党员增至五十万人,1954-11-14,1954-11
世界工联同自由德国工联在柏林举行会议讨论加强反对西德重新军国主义化的问题,1954-11-14,1954-11
法国总工会全国委员会号召反对武装西德,1954-11-14,1954-11
伊朗工会组织向各国劳动人民发出呼吁要求大家抗议伊朗政府血腥镇压爱国人士,1954-11-14,1954-11
印度尼西亚广大公众要求惩办卖国分子,1954-11-14,1954-11
两位罗马尼亚作家回国,1954-11-14,1954-11
印度记者曼基卡尔等回国,1954-11-14,1954-11
法方书面声明今后不再侵犯越方领空领海海防局势紧张，法方和吴庭艳分子不断侵犯人民生命财产,1954-11-14,1954-11
美参院外委会讨论东南亚条约,1954-11-14,1954-11
西德青年这样回答“布兰克部”,1954-11-14,1954-11
斥杜勒斯在美国参议院对我国的诬蔑,1954-11-14,1954-11
迅速解决灾区鱼产的出路,1954-11-14,1954-11
人人都要保护测量建筑物,1954-11-14,1954-11
让首都人民吃到便宜新鲜的蔬菜易操良对蔬菜供应的意见,1954-11-14,1954-11
让首都人民吃到便宜新鲜的蔬菜本报读者来信组的调查,1954-11-14,1954-11
摆在太原百货商店领导面前的问题,1954-11-14,1954-11
邯郸区文化馆、站的领导工作急待加强,1954-11-14,1954-11
一件合理化建议被拖延了两年,1954-11-14,1954-11
关于实行义务兵役制的几个问题,1954-11-14,1954-11
建议改进危险品的运输工作,1954-11-14,1954-11
各部门野外工作人员应该协助进行矿藏普查工作,1954-11-14,1954-11
“国际游戏”是没有意义的,1954-11-14,1954-11
一件奇怪的玩具,1954-11-14,1954-11
及时预防煤气中毒,1954-11-14,1954-11
重工业部化学工业管理局正在进行玲珑矿的结束工作,1954-11-14,1954-11
天津化工厂检讨对待兄弟企业的错误态度,1954-11-14,1954-11
为讨论建立欧洲集体安全体系问题苏联建议召开全欧会议照会欧洲国家和美国并邀我国派遣观察员,1954-11-15,1954-11
世界和平理事会书记处公布世界和平理事会会议议程,1954-11-15,1954-11
江西省各级行政机关和企业部门厉行节约反对浪费的工作有成效广东省许多工厂、矿山订出增产节约计划,1954-11-15,1954-11
巴基斯坦大使罗查奉调回国,1954-11-15,1954-11
苏联科学院主席团举行会议讨论扩大苏中两国科学联系问题,1954-11-15,1954-11
苏联电影周中放映的影片受到热烈欢迎参观苏联展览会的已达一百八十六万人,1954-11-15,1954-11
解放军海军击沉蒋贼太平号军舰  福建前线解放军两月来予蒋贼军严重打击,1954-11-15,1954-11
一九五四年十一月十五日内容提要,1954-11-15,1954-11
建设第一汽车制造厂的职工提前完成今年的建设工程任务,1954-11-15,1954-11
基本建设职工当前的迫切任务,1954-11-15,1954-11
山西省工会联合会召开第三届代表大会  决定大力发动职工提高劳动生产率,1954-11-15,1954-11
鞍山市号召青年建设者全面完成国家计划,1954-11-15,1954-11
遂宁专区紧张播种小春作物,1954-11-15,1954-11
广东省蔗糖开始运销各地,1954-11-15,1954-11
引永定河河水来北京初步设计工作正在进行,1954-11-15,1954-11
全国铁路完成十月份装车计划,1954-11-15,1954-11
国营西北第五棉纺织厂初步设计接近完成,1954-11-15,1954-11
云南省新建农业生产合作社四千九百多个,1954-11-15,1954-11
河北省培养大批农业生产合作社干部,1954-11-15,1954-11
北京训练农业生产合作社会计,1954-11-15,1954-11
海南岛的初冬,1954-11-15,1954-11
福建省八百多万亩单季晚稻普遍增产,1954-11-15,1954-11
苏联专家在第一汽车制造厂    学习苏联先进经验  学习苏联专家的工作作风,1954-11-15,1954-11
湖南省各界人民和河北省石家庄、邯郸两市职工组织慰问团深入水灾地区慰问灾民,1954-11-15,1954-11
旅顺口人民心目中的苏联军人,1954-11-15,1954-11
“争取持久和平，争取人民民主！”    中文版一九五四年第四十四期内容介绍,1954-11-15,1954-11
人民美术出版社出版外国美术作品选集,1954-11-15,1954-11
上海市举办菊花展览会,1954-11-15,1954-11
吸收斗争中的优秀分子入党,1954-11-15,1954-11
训练农业生产合作社的干部,1954-11-15,1954-11
及时表扬优秀干部,1954-11-15,1954-11
加强对苹果收购工作的领导,1954-11-15,1954-11
检查增产节约运动,1954-11-15,1954-11
纠正秋收分配工作中的偏差,1954-11-15,1954-11
西安未能升学的高小毕业生得到妥善安置,1954-11-15,1954-11
中国人民保卫世界和平委员会等团体今日联合举行集会纪念阿里斯托芬诞生二千四百年,1954-11-15,1954-11
旗——“初进柴达木”组诗之一,1954-11-15,1954-11
旅大市中西医合作交流经验,1954-11-15,1954-11
阿里斯托芬——热爱祖国的伟大喜剧作家,1954-11-15,1954-11
联合国教育、科学及文化组织大会第八届会议开幕苏联提出恢复我国代表权的提案,1954-11-15,1954-11
我民主妇联主席蔡畅致电联大主席要求恢复国际妇联在经社理事会的咨询地位,1954-11-15,1954-11
我全国学联致电国际学联祝贺“国际学生日”和“国际学生周”,1954-11-15,1954-11
苏联最高苏维埃主席团通过决定  任命斯大林国际和平奖金委员会新委员,1954-11-15,1954-11
印度总理尼赫鲁在记者招待会上发表谈话表示相信我国希望和平并愿同一切国家建立外交关系,1954-11-15,1954-11
苏联平均每两天有一个肉乳制品工厂开工东部和东南部开垦地区已建立了几百个医疗机构,1954-11-15,1954-11
苏联体育运动委员会批准“劳卫制”新标准,1954-11-15,1954-11
保加利亚党和政府领导人参观在索非亚的我美术工艺品展览会,1954-11-15,1954-11
缅中友好协会欢迎中缅签订换货议定书  日本经济界人士积极促进中日贸易,1954-11-15,1954-11
波兰和意大利文化代表团离开北京回国应邀访问我国的印度记者回国前发表声明,1954-11-15,1954-11
印度尼西亚高等法院开始传讯卖国分子检察总长办公厅搜集证据准备对卖国分子采取措施,1954-11-15,1954-11
法国广大公众纪念第一次世界大战停战日主张在集体安全体系内解决德国问题,1954-11-15,1954-11
“真理报”记者评法国国内政局  反对伦敦和巴黎协定的人民运动广泛开展,1954-11-15,1954-11
英国工党议会党团对武装西德问题有分歧,1954-11-15,1954-11
英国工党一地方组织负责人脱离工党加入共产党,1954-11-15,1954-11
英共抗议伊朗当局血腥镇压爱国分子,1954-11-15,1954-11
自由的各民族的经济合作和互助——苏联“真理报”十一月十三日的社论摘要,1954-11-15,1954-11
按照和供销合作社订立的预购合同各地农民把新棉卖给国家,1954-11-16,1954-11
吉林山东的新粮新棉陆续运往城市和灾区,1954-11-16,1954-11
上海国营纺织业十月份节约棉花七万多斤,1954-11-16,1954-11
淮南煤矿重点工程准备冬季施工谢家集二号竖井主井工程工人创造全国纪录,1954-11-16,1954-11
大型农场苏联专家开始进行土地考察工作,1954-11-16,1954-11
河北北部粮食增产农民普遍有余粮郭后旗许多农业合作社获得丰收,1954-11-16,1954-11
四川郫县举办展览会宣传统购统销的好处,1954-11-16,1954-11
北京纪念阿里斯托芬诞生二千四百周年,1954-11-16,1954-11
阿根廷工商界访问团离京回国并发表声明,1954-11-16,1954-11
内蒙古自治区民主青年联合会成立,1954-11-16,1954-11
志愿军指战员欢呼解放军打击蒋贼军的胜利,1954-11-16,1954-11
又一批马来亚难侨回到广州,1954-11-16,1954-11
一九五四年十一月十六日内容提要,1954-11-16,1954-11
争取欧洲和平的重大努力,1954-11-16,1954-11
陕西省积极供应粮食给产棉区的农民热河省山区缺粮农民得到了正常的供应,1954-11-16,1954-11
山西省农民加强麦田管理努力补苗保苗河南省农民及时进行麦田查苗补苗工作,1954-11-16,1954-11
西双版纳傣族自治区水稻丰收,1954-11-16,1954-11
湖南省洞庭湖堤垸修复工程局部动工,1954-11-16,1954-11
广东省生产松香四十万担,1954-11-16,1954-11
山东省广大农民踊跃缴纳公粮出卖余粮河北省各地农民把大量油料卖给国家,1954-11-16,1954-11
中国百货公司天津上海两市采购供应站在长治专区举行商品展览推销工业品,1954-11-16,1954-11
四川省商业部门把大批工业品送往农村,1954-11-16,1954-11
东北地区各国营农场超计划完成秋耕任务,1954-11-16,1954-11
做好小麦的查苗补苗工作,1954-11-16,1954-11
为了祖国的“粮仓”——记长沙市搬运工人搬运治湖器材的紧张劳动,1954-11-16,1954-11
武汉市郊区受灾农民大部回乡生产,1954-11-16,1954-11
辽宁省农民大量储存饲料,1954-11-16,1954-11
淮阴专区积极预防猪瘟,1954-11-16,1954-11
江西省上饶茶厂提前完成全年生产计划,1954-11-16,1954-11
北京市各棉花收购站和轧花厂职工  注意消灭棉花仓库中的越冬棉花红铃虫,1954-11-16,1954-11
在合作化的道路上——记八百里秦川中的一个村庄,1954-11-16,1954-11
辽宁省举行第一次全省民政会议,1954-11-16,1954-11
河北省整顿和改进小学教育,1954-11-16,1954-11
巩固劳动纪律是党组织的重要任务,1954-11-16,1954-11
不是“小事情”,1954-11-16,1954-11
不容许假药流行,1954-11-16,1954-11
写给阿拉尔革命烈士墓的话——“初进柴达木”组诗之二,1954-11-16,1954-11
提高艺术修养，努力艺术实践,1954-11-16,1954-11
北京大学创办北京大学学报,1954-11-16,1954-11
深山密林中的卫生院,1954-11-16,1954-11
就原子能和平用途方面的国际合作问题  维辛斯基在联大政委会上发言,1954-11-16,1954-11
苏联拥护和平委员会的国际联系日益扩大,1954-11-16,1954-11
莫斯科劳动人民举行和平晚会拥护召开世界和平理事会会议,1954-11-16,1954-11
日本地方议会议长会要求禁止原子武器,1954-11-16,1954-11
迎接蒙古人民革命党第十二次代表大会  蒙古人民展开社会主义生产竞赛,1954-11-16,1954-11
西德和法国各界人士反对伦敦和巴黎协定,1954-11-16,1954-11
美国将给西德大量军事装备,1954-11-16,1954-11
联大法律委员会结束关于侵略定义问题的讨论决定成立专门委员会继续研究侵略的定义,1954-11-16,1954-11
越“人民报”评越法两国建立友好关系问题,1954-11-16,1954-11
文进勇将军写信给国际监督和监察委员会说明交换战俘的情况，要求恢复仍被法方拘留的人员的自由,1954-11-16,1954-11
越南国际委员会驳斥美、法通讯社的造谣,1954-11-16,1954-11
埃及总统纳吉布被解除职务,1954-11-16,1954-11
利比亚首相穆斯塔法·哈利姆发表谈话  利比亚政府反对参加任何军事公约,1954-11-16,1954-11
江西、山东、广西三省和湘西苗族自治区调运粮食供应城市和灾区,1954-11-17,1954-11
拉林县新建农业社计划卖余粮三百多万斤,1954-11-17,1954-11
应邀参加蒙古人民革命党代表大会中国共产党代表团由北京启程去乌兰巴托,1954-11-17,1954-11
重庆各厂采取具体措施并开展劳动竞赛  保证全面和超额完成全年计划,1954-11-17,1954-11
萍乡煤矿提前完成全年煤炭生产计划渭北煤田钻进计划已完成百分之九十一,1954-11-17,1954-11
青岛八个纺织厂十月份节约原棉八万多斤修筑青藏公路的职工交给国家增产节约款四十五亿元,1954-11-17,1954-11
沈阳到山海关铁路的复线修复工程完工,1954-11-17,1954-11
越南民主共和国交通代表团到达北京陈毅副总理接见代表团全体人员,1954-11-17,1954-11
日本国会议员促进日中贸易联盟举行大会通过邀请我国贸易代表团去日本的决议,1954-11-17,1954-11
蒋贼军舰接连拦截英国商船,1954-11-17,1954-11
一九五四年十一月十七日内容提要,1954-11-17,1954-11
湖南省秋粮征购工作进展很快,1954-11-17,1954-11
今年全国新建六十多处抽水机站保证了五十八万多亩农田丰收,1954-11-17,1954-11
包兰铁路兰州银川段黄河大桥工程动工,1954-11-17,1954-11
粮食统购统销对农民的好处,1954-11-17,1954-11
湖北省沿江滨湖堵口复堤工程紧张进行积极帮助回乡灾民重建家园生产自救,1954-11-17,1954-11
黑龙江省绥棱园艺试验场栽培耐寒果树,1954-11-17,1954-11
东北国营农场管理局试验马尔采夫耕作法,1954-11-17,1954-11
嘉兴专区手工业合作组织生产大量打稻机,1954-11-17,1954-11
河北省积极发展和整顿农业生产合作社顺义县农村中的共产党员带动并组织广大农民入社,1954-11-17,1954-11
湖南省结合生产发展农业生产合作社,1954-11-17,1954-11
云南省各地信用合作组织发展迅速,1954-11-17,1954-11
贵州省修整农田水利工程三万五千多处,1954-11-17,1954-11
平顺县克老峧农民把卵石河滩改变成梯田,1954-11-17,1954-11
发展中的湖北应城膏矿,1954-11-17,1954-11
不能两步并作一步走——记大寨村农业生产合作社在收益分配工作中贯彻    “稳步前进”方针的经过,1954-11-17,1954-11
各地合作社生产系统合理使用清仓物资,1954-11-17,1954-11
山东河南两省超额完成上月烤烟收购任务,1954-11-17,1954-11
广东省各地供销合作社采购耕牛供应农民,1954-11-17,1954-11
中国人民大学等高等学校师生  对“红楼梦”研究中的错误观点展开批评天津文化学术界召开关于“红楼梦”研究的座谈会,1954-11-17,1954-11
东北师范大学举行第一次科学会议,1954-11-17,1954-11
卫生部针灸疗法实验所总结六个针灸医疗机构的临床经验,1954-11-17,1954-11
安徽省卫生厅召开中医座谈会,1954-11-17,1954-11
郑州铁路沿线专门法院判决违反劳动纪律造成重大损失的案件,1954-11-17,1954-11
四川自贡市发生地震,1954-11-17,1954-11
为了社会主义工业化——记荥阳县党代表会议讨论统购统销工作,1954-11-17,1954-11
正确地执行关于提高中小学教育质量的方针,1954-11-17,1954-11
地震是怎么回事,1954-11-17,1954-11
观察镜里看胜利,1954-11-17,1954-11
反对不正确的表扬,1954-11-17,1954-11
西欧各国人民反对重新武装西德,1954-11-17,1954-11
苏联人民热烈拥护苏联政府和平外交政策今年各地已举办二十多万次有关保卫和平等问题的报告,1954-11-17,1954-11
出席世界和平理事会会议苏联代表团名单,1954-11-17,1954-11
加强全民族的团结为反对帝国主义者的阴谋而斗争印度尼西亚共产党进行竞选运动,1954-11-17,1954-11
意共“团结报”销数增加到八十多万份,1954-11-17,1954-11
印度尼西亚报纸揭发帝国主义的颠覆活动印度尼西亚内阁补缺工作已经完成,1954-11-17,1954-11
杜勒斯在参院一个秘密会议上说美蒋侵略条约将在年底达成,1954-11-17,1954-11
英国“论坛”周报透露美国在印度支那的阴谋,1954-11-17,1954-11
改进对轮换替换的视察方法朝鲜中立国监察委员会通过三条指示,1954-11-17,1954-11
反对联合国教育科学及文化组织继续容留蒋贼“代表”,1954-11-17,1954-11
为促进意中友好和贸易而努力,1954-11-17,1954-11
太原重型机器厂建厂工程紧张进行  投入生产的车间已制出一批新产品,1954-11-18,1954-11
中国共产党代表团拜会蒙古总理泽登巴尔,1954-11-18,1954-11
山东农民在冬耕中注意深耕除虫,1954-11-18,1954-11
北京学生举行国际学生日庆祝晚会,1954-11-18,1954-11
海军指挥员表扬击沉蒋贼军舰的海军部队,1954-11-18,1954-11
华东军区嘉奖击沉蒋贼军舰的海军部队  表扬沉重打击蒋贼军的空军部队,1954-11-18,1954-11
厦门岛驻军帮助居民生产和防空,1954-11-18,1954-11
一九五四年十一月十八日内容提要,1954-11-18,1954-11
铁路新线工程进入冬季施工,1954-11-18,1954-11
上海将有四百多种工业品参加国际博览会,1954-11-18,1954-11
湖北省农民出卖余粮支援灾区人民生产内蒙古各族农民踊跃缴纳公粮出卖余粮,1954-11-18,1954-11
黑龙江省部署今年购粮工作要求各地努力贯彻尽量多购余粮的方针,1954-11-18,1954-11
推广先进的水稻耕作技术和增产经验广东省组织农业观摩团到潮汕地区观摩,1954-11-18,1954-11
苏联报刊工作者代表团回京,1954-11-18,1954-11
加强守法教育,1954-11-18,1954-11
湖北省全面开展冬季作物播种工作  贵州省扩大油菜和小麦播种面积,1954-11-18,1954-11
鞍山市政建设成绩显著,1954-11-18,1954-11
国营天津纺织机械厂职工节约许多金属材料,1954-11-18,1954-11
哈尔滨电影机厂试制手提式电影放映机,1954-11-18,1954-11
铁道部直属通信段电话所女电话员荣欣威创造缩短电话接转时间的先进方法,1954-11-18,1954-11
新疆省油料作物总产量比去年增加二成,1954-11-18,1954-11
浙江省超额完成十月份收购棉花计划,1954-11-18,1954-11
陕西省大荔县黄甫村农业生产合作社  按照国家计划出卖农产品和安排生产,1954-11-18,1954-11
青岛四方机车车辆制造工厂职工  在技术革新中解决提高生产的关键问题,1954-11-18,1954-11
亚洲学生疗养院建筑工程基本完工,1954-11-18,1954-11
加强农业生产合作社中的政治思想工作,1954-11-18,1954-11
厦门市家庭妇女陈丽华检举特务,1954-11-18,1954-11
上海有六千多名初中、高小毕业生参加生产,1954-11-18,1954-11
我国国家机关组织和活动的原则,1954-11-18,1954-11
三个水兵——海军生活通讯之一,1954-11-18,1954-11
江苏省公安机关破获两大盗匪集团,1954-11-18,1954-11
北京上演“万尼亚舅舅”,1954-11-18,1954-11
波兰政府发表声明支持苏联建议,1954-11-18,1954-11
英共要求政府接受苏联建议举行全欧会议英国和平委员会号召人民反对批准伦敦协定,1954-11-18,1954-11
法民主报纸和政界人士赞成举行全欧会议,1954-11-18,1954-11
民主德国第二届人民议院举行第一次会议选举狄克曼任人民议院主席，批准格罗提渥任总理,1954-11-18,1954-11
在德国统一社会党中央委员会第二十一次全体会议上乌布利希报告恢复德国统一等问题,1954-11-18,1954-11
越南和蒙古两国决定建立外交关系,1954-11-18,1954-11
出席世界和平理事会会议我代表团到达斯德哥尔摩,1954-11-18,1954-11
美国对苏联的建议表示恐惧,1954-11-18,1954-11
美总统把巴黎协定提交参院企图向法国和西德议会施加压力,1954-11-18,1954-11
联大特别政委会结束关于接纳新会员国问题的讨论决议把各种提案送交安理会考虑处理,1954-11-18,1954-11
艾森豪威尔政府的“大赠送”,1954-11-18,1954-11
美国在“反共”旗帜下在亚洲的扩张,1954-11-18,1954-11
主要产棉区统购工作开始河南、辽宁两省农民把大批油料卖给国家,1954-11-19,1954-11
江苏省今年粮食增产十亿斤农民卖给国家的新粮正源源运到上海,1954-11-19,1954-11
吉林省农民出卖余粮的数量不断增加吉林省委按照多购余粮的方针布置工作,1954-11-19,1954-11
应邀参加阿尔巴尼亚解放十周年庆祝典礼我国政府代表团由北京启程去阿尔巴尼亚,1954-11-19,1954-11
大兴安岭林区四个森林工业局提前完成全年木材生产计划,1954-11-19,1954-11
解放军空军机群轮番轰炸渔山列岛蒋贼军,1954-11-19,1954-11
浙江前线部队欢呼击沉“太平号”军舰捷报,1954-11-19,1954-11
蒋贼“太平号”军舰沉没情景,1954-11-19,1954-11
“太平号”军舰被击沉后蒋介石卖国集团表现很惊慌,1954-11-19,1954-11
浙江沿海民兵加强巡逻放哨协助守卫海防,1954-11-19,1954-11
一九五四年十一月十九日内容提要,1954-11-19,1954-11
轻工业管理局超额完成十月份生产计划,1954-11-19,1954-11
齐齐哈尔各油厂积极学习李川江制油经验,1954-11-19,1954-11
上海港务局超额完成全年运输装卸任务,1954-11-19,1954-11
轻工业部门的职工们要特别努力节约原料,1954-11-19,1954-11
上海市国营商业部门争取完成销售计划武汉市百货公司全面完成十月份计划,1954-11-19,1954-11
粮食部派工作组到各地了解粮食统购情况,1954-11-19,1954-11
辽宁省成千上万农民参加信用合作组织  河南省有计划地发展信用合作社,1954-11-19,1954-11
云南省新建的农业合作社转入冬季生产少数民族地区建立一批各民族农民组成的农业合作社,1954-11-19,1954-11
江西福建两省山区油茶可望丰收湖南省农民按照国家计划扩大油菜种植面积,1954-11-19,1954-11
广东省积极准备进行沙田技术改革,1954-11-19,1954-11
呼伦贝尔草原完成牲畜过冬的准备工作,1954-11-19,1954-11
北京市郊区秋菜丰收,1954-11-19,1954-11
新乡专区烈军属和复员军人大部参加互助合作组织,1954-11-19,1954-11
渭北煤田上的勘探人员,1954-11-19,1954-11
山西省长治专区土产特产发展很快,1954-11-19,1954-11
山东省普遍划分造林区并采集树种,1954-11-19,1954-11
伊春等县农民捕捉黄鼠狼,1954-11-19,1954-11
向祖国报告——康藏公路通讯,1954-11-19,1954-11
社会主义的基本经济法则——“政治经济学教科书”第二十八章,1954-11-19,1954-11
有文化的军队——海军生活通讯之二,1954-11-19,1954-11
柴达木一青年——“初进柴达木”组诗之三,1954-11-19,1954-11
捷、罗、保三国政府接受苏联建议  赞成举行全欧会议讨论欧洲安全问题,1954-11-19,1954-11
捷克斯洛伐克国民议会外交委员会通过呼吁书要求欧洲各国议会议员支持召开全欧会议,1954-11-19,1954-11
保障欧洲爱好和平的人民的安全——“真理报”十八日社论的摘要,1954-11-19,1954-11
赫鲁晓夫等视察塔吉克的植棉业和牧羊业,1954-11-19,1954-11
东欧人民民主国家报纸热烈拥护苏联建议,1954-11-19,1954-11
波兰国务委员会授勋给我解放军歌舞团我人民解放军歌舞团在华沙举行闭幕式演出,1954-11-19,1954-11
南斯拉夫报纸重视苏联照会认为应以协商方法解决欧洲争执,1954-11-19,1954-11
对于苏联照会中所提的重要问题英国外交大臣艾登避而不谈,1954-11-19,1954-11
杜勒斯表示要拒绝苏联建议,1954-11-19,1954-11
美国商品零售状况不好,1954-11-19,1954-11
美国侵略集团加紧制造亚洲的紧张局势杜勒斯妄图以战争威胁来阻挠我解放台湾,1954-11-19,1954-11
在吉尔吉斯农民的家庭里,1954-11-19,1954-11
感谢对十月社会主义革命三十七周年的祝贺伏罗希洛夫、马林科夫、莫洛托夫复电毛泽东、周恩来,1954-11-20,1954-11
世界和平理事会会议开幕,1954-11-20,1954-11
京沈全线双轨通车,1954-11-20,1954-11
广东省今年开始有大量余粮外运  星火等四个集体农庄出售余粮七百多万斤,1954-11-20,1954-11
江苏省秋季建成一万二千个农业合作社河北省结合统购统销整顿新建农业合作社,1954-11-20,1954-11
我国政府和荷兰王国政府同意互换代办,1954-11-20,1954-11
山东省六千多万亩冬小麦出苗齐全荆江分洪区农民抢种的冬季作物生长良好,1954-11-20,1954-11
太原钢铁厂超额完成全年增产节约计划,1954-11-20,1954-11
重庆市各机关团体注意节约紧缩财政开支江苏省九个纺织工厂每件纱的平均用棉量逐月下降,1954-11-20,1954-11
商业部作出决定改变购布证分期使用的规定,1954-11-20,1954-11
福建前线击伤蒋贼飞机一架,1954-11-20,1954-11
一九五四年十一月二十日内容提要,1954-11-20,1954-11
全国花生总产量比去年增加四成,1954-11-20,1954-11
斥杜勒斯的狂妄叫嚣,1954-11-20,1954-11
武汉市着手修建强大坚固的永久性堤防,1954-11-20,1954-11
法库油米加工厂认真学习李川江榨油法,1954-11-20,1954-11
阳泉市领导手工业生产合作社的办法好,1954-11-20,1954-11
河南省地方国营农场棉花油料普遍增产江苏省二百多个区建立农业技术推广站,1954-11-20,1954-11
江西省和北京市各新建一个国营农场,1954-11-20,1954-11
青海省国营商业部门开展劳动竞赛,1954-11-20,1954-11
上海市新开一处药材批发所四川省举行药材交流会,1954-11-20,1954-11
燃料工业部指示所属各部门争取完成今年基本建设计划,1954-11-20,1954-11
北京市各工地进行冬季施工的准备工作,1954-11-20,1954-11
鹤岗矿务局兴山矿提前完成全年生产计划,1954-11-20,1954-11
用榨过油的大豆饼配制夹板胶剂  上海各夹板厂每年可节约大豆九十万斤,1954-11-20,1954-11
壶关县紧密结合生产开展互助合作运动,1954-11-20,1954-11
青藏公路越过青海大草原通车到黑河,1954-11-20,1954-11
修筑青藏公路的人们,1954-11-20,1954-11
西北土产出口公司收购野麻,1954-11-20,1954-11
达县专区特产银耳丰收,1954-11-20,1954-11
全国铁路旅客列车从明天起实行冬季时刻,1954-11-20,1954-11
不断地改进操作技术，努力提高产油率,1954-11-20,1954-11
大力推广李川江榨油法，为增产两亿斤植物油脂而奋斗,1954-11-20,1954-11
上海、武汉、四川等地的文学艺术团体和高等学校展开对“红楼梦”研究中的错误观点的批评,1954-11-20,1954-11
没有批评，就不能前进,1954-11-20,1954-11
匈牙利政府准备参加全欧会议,1954-11-20,1954-11
德国民主报纸欢迎苏联建议举行全欧会议许多西德报纸认为不能拒绝苏联建议,1954-11-20,1954-11
伏罗希洛夫高等军事学院举行毕业典礼,1954-11-20,1954-11
印度总理尼赫鲁对国大党议员谈访华意义,1954-11-20,1954-11
奥地利人民要求奥政府参加全欧会议,1954-11-20,1954-11
朝鲜内务相发表声明保护为促进祖国统一而活动的南朝鲜人员,1954-11-20,1954-11
朝鲜最高人民会议议长李英发表文章  号召南北朝鲜人民尽力进行友好接触,1954-11-20,1954-11
美苏友好协会全国理事会举行集会  庆祝十月革命节和苏美建交二十一周年,1954-11-20,1954-11
越南人民志愿部队全部撤出老挝国境,1954-11-20,1954-11
越南民主共和国外交部批准一批日侨回国,1954-11-20,1954-11
阿富汗驻印度大使阿齐兹否认阿富汗建议同巴基斯坦订立军事条约,1954-11-20,1954-11
捷克斯洛伐克国民经济的全面高涨,1954-11-20,1954-11
我国外交部复照苏联政府完全赞成苏联关于召开全欧会议的建议并准备派遣代表以观察员身份参加会议,1954-11-21,1954-11
执行中朝经济及文化合作协定我国积极以物资和技术援助朝鲜,1954-11-21,1954-11
苏联顾问到达大型农场现场受到热烈欢迎,1954-11-21,1954-11
湖北非灾区超额增产粮食十亿斤  内蒙古自治区今年外运原粮将达二十亿斤,1954-11-21,1954-11
柯柏年被任命为我国驻罗马尼亚大使,1954-11-21,1954-11
国务院二十个直属机构负责人的名单,1954-11-21,1954-11
解放军空军和炮兵猛轰披山岛上蒋贼军福建同安县人民集会慰问某高射炮部队,1954-11-21,1954-11
一九五四年十一月二十一日内容提要,1954-11-21,1954-11
我国决定在东北开荒三百万公顷,1954-11-21,1954-11
汉水铁桥已经建设完成,1954-11-21,1954-11
今年全国铁路新线已铺轨五百多公里,1954-11-21,1954-11
必须继续深入地对农民进行社会主义思想宣传,1954-11-21,1954-11
上海市每月用煤百吨以上的工厂十月份节约用煤一万四千多吨,1954-11-21,1954-11
重庆五个棉纺织厂上月节约用棉四万多斤吉林市麻袋工厂十个月来节约洋麻三万多斤,1954-11-21,1954-11
江淮地区和河北部分地区等开始整修堤防,1954-11-21,1954-11
康藏公路最后一期工程全面动工,1954-11-21,1954-11
北京市举行物资交流会组织工业品下乡,1954-11-21,1954-11
河南省各地供销合作社大力供应工业品四川省江津县广泛举行小型商品交流会,1954-11-21,1954-11
内蒙古广大人民积极参加信用合作社,1954-11-21,1954-11
山西省又建一批信用合作社,1954-11-21,1954-11
全国养猪头数今年比去年增加百分之七,1954-11-21,1954-11
吐鲁番盆地试种长绒棉成功,1954-11-21,1954-11
龙溪县农果结合的生产合作社柑桔等果品普遍丰收,1954-11-21,1954-11
湖北省给灾区农民发放棉衣一百多万件,1954-11-21,1954-11
看“铁牛”耕水田,1954-11-21,1954-11
山西省农业厅派人深入农村总结丰产经验,1954-11-21,1954-11
江西省农业厅等部门研究设计新式水田犁,1954-11-21,1954-11
山东省各地杂交种玉米普遍增产,1954-11-21,1954-11
黑龙江省首批参观代表团回到原地向各界传达参观苏联展览会的印象和体会,1954-11-21,1954-11
手工业生产合作展览会开幕,1954-11-21,1954-11
粮食统购统销给遂宁专区农民带来的好处,1954-11-21,1954-11
国民经济有计划的（按比例的）发展法则——“政治经济学教科书”第二十九章,1954-11-21,1954-11
民主德国、阿尔巴尼亚和芬兰复照苏联  表示愿意派代表参加全欧会议,1954-11-21,1954-11
美国曾压迫芬兰拒绝苏联照会,1954-11-21,1954-11
世界和平理事会继续举行会议  各国代表一致主张建立欧洲集体安全体系,1954-11-21,1954-11
苏联最高苏维埃代表团在芬兰作友好访问,1954-11-21,1954-11
参加蒙古人民革命党第十二次代表大会  苏联共产党代表团到达乌兰巴托,1954-11-21,1954-11
关于促进中日关系正常化的一些问题  郭沫若答“世界知识”杂志记者问,1954-11-21,1954-11
联大政委会结束原子能和平用途的国际合作的一般性辩论维辛斯基再次阐明苏联的态度和主张,1954-11-21,1954-11
我解放军歌舞团离波兰到苏联作访问演出,1954-11-21,1954-11
我国工艺美术展览会在仰光举行开幕典礼,1954-11-21,1954-11
印度尼西亚内阁的改组工作已经完成,1954-11-21,1954-11
在世界和平理事会十一月十八日会议上苏联作家伊·爱伦堡的发言（摘要）,1954-11-21,1954-11
处分那些压制创造性劳动的人,1954-11-21,1954-11
为什么大批零星木材“作废”了？,1954-11-21,1954-11
北京市食品公司的卫生工作做得不好,1954-11-21,1954-11
零星油料没人收购,1954-11-21,1954-11
解决全国市内电话局缺少呼量表的办法,1954-11-21,1954-11
解决全国市内电话局缺少呼量表的办法邮电部市内电话总局决定采纳谢纯德的建议,1954-11-21,1954-11
向不负责处理来信的现象作斗争,1954-11-21,1954-11
农业机器拖拉机站和农民的关系,1954-11-21,1954-11
南孟粮站保管的麦种大部不能出芽,1954-11-21,1954-11
注意做好物资清理工作,1954-11-21,1954-11
为什么盲目发动群众砍伐木材,1954-11-21,1954-11
不要把胡麻秸当柴烧了,1954-11-21,1954-11
接受盲目生产芒硝的教训,1954-11-21,1954-11
对加工厂浪费粮食的检讨,1954-11-21,1954-11
不该主观地滥发调查提纲,1954-11-21,1954-11
表扬大凉山区的战士们,1954-11-21,1954-11
就外交政策方面的若干问题莫洛托夫答“真理报”记者问,1954-11-22,1954-11
水利部向全国各地发出指示在今冬明春开展农田水利工作,1954-11-22,1954-11
黄河流域各省冬小麦生长良好南方各省继续加紧进行冬季播种工作,1954-11-22,1954-11
上海全市工业部门节约原材料使用代用品,1954-11-22,1954-11
苏联报刊工作者代表团离京回国,1954-11-22,1954-11
莫斯科音乐剧院演出著名的乌克兰喜歌剧,1954-11-22,1954-11
参加亚洲学生疗养院开院典礼各国学生代表陆续到达北京,1954-11-22,1954-11
我国抗日烈士遗骨一批从日本运回祖国,1954-11-22,1954-11
为建立亚洲集体和平和安全而奋斗,1954-11-22,1954-11
一九五四年十一月二十二日内容提要,1954-11-22,1954-11
鞍钢许多厂矿进一步开展劳动竞赛争取增产大量的钢铁和钢材,1954-11-22,1954-11
河北湖南两省配合统购工作调运商品下乡,1954-11-22,1954-11
海南黎族苗族自治区准备发展农业合作社井冈山上建立了第一个农业合作社,1954-11-22,1954-11
四川山西两省农民在秋播中改进耕作技术,1954-11-22,1954-11
江西省农业科学研究所在酸性红壤上试种蜜柑成功,1954-11-22,1954-11
西康省藏族自治区预防牛瘟,1954-11-22,1954-11
第一汽车制造厂工地冬季施工全面展开职工们集会庆祝提前完成今年工程任务,1954-11-22,1954-11
北京市人民踊跃储蓄,1954-11-22,1954-11
白龙江林区调查工作将完成,1954-11-22,1954-11
上海派出的百货访问推销队,1954-11-22,1954-11
普普拉达——康藏公路通讯,1954-11-22,1954-11
“争取持久和平，争取人民民主！”中文版第四十五期内容介绍,1954-11-22,1954-11
我国艺术家组成学习组向苏联国立莫斯科音乐剧院学习,1954-11-22,1954-11
锡林郭勒盟草原建立一所气象台,1954-11-22,1954-11
中共大荔县委是怎样把领导重心转向互助合作运动的,1954-11-22,1954-11
湖北省革命残废军人学校的学员们获得了新的荣誉,1954-11-22,1954-11
“挑着公粮‘游行’”,1954-11-22,1954-11
又耕思想又耕地,1954-11-22,1954-11
河南一农村,1954-11-22,1954-11
保障粮食统购统销工作顺利进行  零陵县人民法院判处纵火犯邓振忠死刑,1954-11-22,1954-11
严惩纵火破坏粮食统购统销的罪犯,1954-11-22,1954-11
蒙古人民革命党第十二次代表大会开幕  泽登巴尔作党中央工作总结报告,1954-11-22,1954-11
世界和平理事会会议开始讨论第二项议程,1954-11-22,1954-11
瑞典复照苏联表示重视苏联对和平的关怀,1954-11-22,1954-11
尼赫鲁总理答英国广播公司记者问表示深信我国坚持和平共处原则,1954-11-22,1954-11
为争取建立全欧集体安全而奋斗,1954-11-22,1954-11
上海深入调查原材料节约工作发现各工业部门还有很大潜力,1954-11-23,1954-11
庆祝中朝经济及文化合作协定签订一周年  中朝两国国家领导人员互致贺电,1954-11-23,1954-11
揭发浪费现象、反对保守思想天津西安两市职工努力增产节约,1954-11-23,1954-11
应邀去印度访问我文化代表团启程,1954-11-23,1954-11
政协全国委员会民族事务组邀西康四川各族参观团座谈,1954-11-23,1954-11
捷贸易代表团到京,1954-11-23,1954-11
英贸易访问团到京,1954-11-23,1954-11
蒋贼飞机窜扰浙江沿海岛屿,1954-11-23,1954-11
一九五四年十一月二十三日内容提要,1954-11-23,1954-11
辽宁一百多个建筑单位节约资金千余亿元武汉市十月份节约用电七十七万多度,1954-11-23,1954-11
大型农场勘测调查工作展开,1954-11-23,1954-11
积极发展信用合作社,1954-11-23,1954-11
四川省统购粮食大部分已经入仓  河南省广大农民积极把余粮卖给国家,1954-11-23,1954-11
陕西省各地粮食部门实行粮食合理运输内蒙古决定组织群众力量加强粮食运输工作,1954-11-23,1954-11
湖南省非灾区农民按时归还国家贷款湖北省非灾区农民出卖余粮后踊跃储蓄,1954-11-23,1954-11
江西省大米加工厂努力提高出米率,1954-11-23,1954-11
黑龙江省许多建筑工地开始冬季施工旅大市基本建设单位进行冬季施工的准备工作,1954-11-23,1954-11
东北各国营机械制造厂进行生产协作  为许多重点工程配制了成套的设备,1954-11-23,1954-11
淮北盐场提前超额完成十一月份产盐计划,1954-11-23,1954-11
鸡西煤矿青年采煤队和掘进队在劳动竞赛中增产成绩优越,1954-11-23,1954-11
电瓶机车试制成功,1954-11-23,1954-11
辽宁省各工业城市郊区农民扩大秋菜和冬菜种植面积,1954-11-23,1954-11
黄河下游堤防冬修工程接近完工淮河入江水道和洪泽湖开始蓄水,1954-11-23,1954-11
山东省进行水利冬修和环湖洼地排水工作,1954-11-23,1954-11
伟大友谊的奇迹——在中苏有色及稀有金属股份公司的矿区里,1954-11-23,1954-11
哈尔滨市国营和地方国营工厂举行座谈会开展批评和自我批评检查配合协作的缺点,1954-11-23,1954-11
积极收回到期的农业贷款,1954-11-23,1954-11
哈尔滨市进入溜冰运动季节,1954-11-23,1954-11
天津市公共卫生局等部门组成研究小组  着手解决工厂中的粉尘和毒物问题,1954-11-23,1954-11
陕西省举行第一届中医代表会议,1954-11-23,1954-11
沈阳人民监察通讯员积极发挥监督作用,1954-11-23,1954-11
厦门举办“一定要解放台湾”展览会,1954-11-23,1954-11
苏联广播——为共产主义胜利而斗争的强大武器——纪念莫斯科广播电台正式播音三十周年,1954-11-23,1954-11
加里宁论广播,1954-11-23,1954-11
中朝两国人民日益巩固和发展的友谊——纪念中朝经济及文化合作协定签订一周年,1954-11-23,1954-11
陕西省人民监察委员会等单位  检查和处理了华阴等地损坏国家粮食事件,1954-11-23,1954-11
上海市人民法院开展公私合同和契约的公证工作,1954-11-23,1954-11
朝鲜祖国战线中央举行会议讨论关于和平统一朝鲜的措施,1954-11-23,1954-11
朝鲜祖国战线中央给南朝鲜各界的信件（摘要）,1954-11-23,1954-11
蒙古人民革命党代表大会继续进行苏共、中共和其他兄弟党的代表分别致贺词,1954-11-23,1954-11
世界和平理事会二十日上午举行会议柏贺浦就裁军和禁止核子武器问题作报告,1954-11-23,1954-11
联大政委会讨论原子能和平用途的国际合作问题的提案维辛斯基说明苏联对七国提案的修正案,1954-11-23,1954-11
在蒙古人民革命党代表大会二十一日会议上  乌兰夫代表中共中央致贺词,1954-11-23,1954-11
寮国抗战政府总理苏发努冯发表声明要求老挝政府履行停战协定停止挑衅行动,1954-11-23,1954-11
波兰政府抗议美国残酷对待被扣波兰船员,1954-11-23,1954-11
波兰商船“工作号”船员回国后发表声明控诉美国直接指使蒋匪迫害波兰船员,1954-11-23,1954-11
我华侨事务委员会抗议泰国政府迫害华侨,1954-11-23,1954-11
商业部和合作总社联合发出紧急指示  配合收购工作积极推销工业品,1954-11-24,1954-11
维辛斯基同志在纽约逝世苏共中央和苏联部长会议发表公告,1954-11-24,1954-11
维辛斯基同志在纽约逝世苏联外交部发表公告,1954-11-24,1954-11
维辛斯基同志在纽约逝世苏联成立维辛斯基治丧委员会,1954-11-24,1954-11
维辛斯基同志在纽约逝世周恩来电唁维辛斯基逝世,1954-11-24,1954-11
维辛斯基同志在纽约逝世郭沫若电唁维辛斯基逝世,1954-11-24,1954-11
维辛斯基同志在纽约逝世联大全体会议为维辛斯基逝世致哀,1954-11-24,1954-11
刘少奇电贺狄克曼重任德人民议院主席,1954-11-24,1954-11
周恩来电贺格罗提渥重任德总理,1954-11-24,1954-11
我国最高人民法院军事审判庭宣判两个重大美国间谍案件,1954-11-24,1954-11
苏联电影周中观众空前踊跃,1954-11-24,1954-11
我国驻印度尼西亚大使黄镇到达雅加达,1954-11-24,1954-11
气象台发布降温预报,1954-11-24,1954-11
我国去印度、印度尼西亚贸易代表团回京,1954-11-24,1954-11
守卫厦门地区的高射炮部队举行庆功大会,1954-11-24,1954-11
保两位教授来我国访问,1954-11-24,1954-11
德文学史家来我国访问,1954-11-24,1954-11
蒋贼飞机袭扰浙江沿海岛屿,1954-11-24,1954-11
一九五四年十一月二十四日内容提要,1954-11-24,1954-11
大型农场准备接收苏联赠送的农业机器江苏省一批农业工人参加大型农场工作,1954-11-24,1954-11
集宁二连线铁路铺轨接近中蒙边境,1954-11-24,1954-11
进一步加强国营商业和合作社商业的结合,1954-11-24,1954-11
哈尔滨机车车辆修理工厂加强车间协作保证完成增产节约计划,1954-11-24,1954-11
铁道部第一工程局从呆滞物资中清理出七百亿元的有用材料,1954-11-24,1954-11
煤矿总局召开全国煤矿首届矿山测量会议,1954-11-24,1954-11
辽宁省大城市加强粮食供应的计划性重庆市调整全市粮食供应网,1954-11-24,1954-11
杨桥乡纠正了盲目扩大农业合作社的偏向,1954-11-24,1954-11
鞍山市的跨线大桥——虹桥建成了,1954-11-24,1954-11
浙江省山区油茶丰收,1954-11-24,1954-11
湖北省两项较大的农田水利工程开工,1954-11-24,1954-11
云南省南部农民扩大小春作物播种面积,1954-11-24,1954-11
中国畜产公司内蒙古区公司大力收购各族牧民的畜产品,1954-11-24,1954-11
鞍山市合作社联合社给职工储备大量冬季蔬菜,1954-11-24,1954-11
广东省今年蚕茧总产量达十六万多担,1954-11-24,1954-11
辽宁省金州等地七个国营棉纺织厂十个月节约原棉六十多万斤并节省棉纱十五万八千四百多斤,1954-11-24,1954-11
湖南省许多农业合作社秋季收获分配完毕,1954-11-24,1954-11
治淮委员会进行淮河流域社会经济调查四川省川西平原水利勘测工作全面展开,1954-11-24,1954-11
在桂西丰收的农村里,1954-11-24,1954-11
黑河地区鹿茸空前丰收,1954-11-24,1954-11
江西省南昌县粮食部门及时检查入库新粮,1954-11-24,1954-11
开封县土柏岗乡互助合作运动中的教训,1954-11-24,1954-11
中华人民共和国最高人民法院军事审判庭对美国间谍唐奈等偷入我国国境危害我国安全案判决书（５４）军审字第二号,1954-11-24,1954-11
中华人民共和国最高人民检察院  对美国间谍唐奈等危害我国安全案起诉书（５４）军检字第○一一号,1954-11-24,1954-11
中华人民共和国最高人民法院军事审判庭对乘飞机偷越中国国境的美国间谍案判决书（５４）军审字等一号,1954-11-24,1954-11
中华人民共和国最高人民检察院对美国间谍阿诺德等乘坐飞机侵入我国领空进行国防设施侦察案起诉书（５４）军检字第○一二号,1954-11-24,1954-11
欧洲各国舆论重视莫洛托夫谈话,1954-11-24,1954-11
蒙古人民革命党代表大会继续举行会议锡林迪布报告关于第二个五年计划的指示,1954-11-24,1954-11
尼赫鲁发表关于访问我国的谈话认为五项原则为各国和平共处提供了坚实基础,1954-11-24,1954-11
就双方准许朝鲜人民为非军事性目的自由来往的问题朝中方面在朝鲜军事停战委员会提出建议,1954-11-24,1954-11
美国政府亟力想把锡兰拖进东南亚军事集团锡兰总理表示不打算参加任何国家集团,1954-11-24,1954-11
日本左派和右派社会党发表联合政纲,1954-11-24,1954-11
捷木偶设计师玛雅罗娃到京,1954-11-24,1954-11
世界和平理事会继续举行会议,1954-11-24,1954-11
我国代表团同苏联及亚洲国家代表联欢,1954-11-24,1954-11
中华人民共和国公安部发表公报  四年来歼灭美国和蒋贼空投特务二百多名,1954-11-25,1954-11
鞍钢各厂矿降低成本两千多亿元  基本建设部门超额完成今年降低成本计划,1954-11-25,1954-11
保人民军歌舞团在南京举行演出闭幕式,1954-11-25,1954-11
蒋贼太平号军舰的覆灭,1954-11-25,1954-11
日侨一批准备回国准备回国的旅越日侨到天津,1954-11-25,1954-11
在解放军不断轰炸和炮击下大陈岛等岛上蒋贼军很惊慌,1954-11-25,1954-11
一九五四年十一月二十五日内容提要,1954-11-25,1954-11
华东钢铁公司各厂战胜保守思想编出一九五五年计划草案,1954-11-25,1954-11
地质普查队探明许多矿产资源,1954-11-25,1954-11
坚决粉碎美国阴谋颠覆我国的间谍特务活动,1954-11-25,1954-11
宝成铁路北段正在进行重点施工兰新铁路选线调查组进入猩猩峡,1954-11-25,1954-11
西藏军区后勤部所属铁木工厂  提前造出供应康藏公路的最后一批器材,1954-11-25,1954-11
浙江省各项工业原料作物普遍增产福建省六十多万亩大豆丰收,1954-11-25,1954-11
河南省的农业机器拖拉机站代耕面积扩大广东省建立第一个农业机器拖拉机站,1954-11-25,1954-11
广东省国营商业部门调运大量工业品下乡西南国营贸易公司扩大收购工业原料,1954-11-25,1954-11
大兴安岭林区今秋火灾绝迹,1954-11-25,1954-11
陕西省陆续调出粮食支援工业建设和灾区,1954-11-25,1954-11
中国银行举行解放后第一次股东会议,1954-11-25,1954-11
山西省今年土木建筑工程大部完工全省基本建设部门可给国家节约资金一千多亿元,1954-11-25,1954-11
东北石油三厂提前完成全年国家计划,1954-11-25,1954-11
公私合营济南成通纺织染厂用棉量降低,1954-11-25,1954-11
苏联专家在太原第一发电厂,1954-11-25,1954-11
思茅专区和西双版纳各族农民踊跃缴纳公粮出卖余粮,1954-11-25,1954-11
河南省东部防护林带起了显著作用,1954-11-25,1954-11
广州市的水上人民,1954-11-25,1954-11
百色——美丽的山城,1954-11-25,1954-11
石景山区政权加强为工业生产服务,1954-11-25,1954-11
政权工作为工业生产服务的一例,1954-11-25,1954-11
访亚洲学生疗养院,1954-11-25,1954-11
在最高人民法院的军事审判庭上,1954-11-25,1954-11
意奥等国人民要求接受苏联建议东欧报纸支持苏联建立欧洲集体安全体系的主张,1954-11-25,1954-11
在联合国教育、科学及文化组织大会上苏联代表团提出禁止战争宣传的提案,1954-11-25,1954-11
德意志民主共和国新的部长会议组成,1954-11-25,1954-11
全印和平理事会秘书长钱德拉向记者发表谈话亚洲缓和国际紧张局势会议正在积极筹备,1954-11-25,1954-11
印度尼西亚总理谈举行亚非会议等问题,1954-11-25,1954-11
越南“人民报”谴责美国对印度支那的干涉,1954-11-25,1954-11
苏、匈等国分别和南斯拉夫签订贸易协定,1954-11-25,1954-11
关于安·扬·维辛斯基的讣告,1954-11-25,1954-11
维辛斯基逝世原因的诊断结果,1954-11-25,1954-11
安·扬·维辛斯基治丧委员会发表公告,1954-11-25,1954-11
悼念安·扬·维辛斯基的逝世,1954-11-25,1954-11
张闻天访莫洛托夫递交周总理的吊唁电文钱俊瑞电苏联对外文化协会理事会主席表示悼念,1954-11-25,1954-11
决不容许拿中国的领土台湾进行政治买卖,1954-11-25,1954-11
我国家领导人员祝贺蒙古国庆,1954-11-26,1954-11
世界和平理事会会议闭幕通过告各国人民书、各项决议和建议,1954-11-26,1954-11
一九五四年十一月二十六日内容提要,1954-11-26,1954-11
蒙古人民光辉的三十年,1954-11-26,1954-11
黑龙江省征粮购粮工作即将全面展开广大农民积极向国家出卖余粮,1954-11-26,1954-11
山西省大部地区开会总结统购统销的好处热河省农民踊跃卖粮支援灾区人民,1954-11-26,1954-11
四平油酒制造厂李川江所在的车间贯彻全国油脂工业先进经验交流大会决议,1954-11-26,1954-11
修筑两条新的公路,1954-11-26,1954-11
江淮地区转移到外地的灾民大部返乡各地人民政府积极帮助灾民重建家园生产自救,1954-11-26,1954-11
山西省平顺县西沟乡订出全面发展农林畜牧业的远景计划,1954-11-26,1954-11
胡和勒泰畜牧业生产合作社带领牲畜移进冬季牧场,1954-11-26,1954-11
武汉市各米厂改进操作方法提高了出米率全市十四家榨油厂在第四季度可增产糠油三万多斤,1954-11-26,1954-11
宝成铁路北段施工准备工作加紧进行包兰铁路兰州银川段许多重点工程技术设计完成,1954-11-26,1954-11
“我绝不会再走回头路了！”——记老农民郑秀福三次入社的经过,1954-11-26,1954-11
河南省农民开始进行冬季农业生产,1954-11-26,1954-11
地质勘探者的幸福——中央地质部二四一勘探队访问记,1954-11-26,1954-11
学习米丘林学说及苏联微生物学的体会,1954-11-26,1954-11
蒙古人民共和国成立三十周年,1954-11-26,1954-11
部务会议,1954-11-26,1954-11
格罗提渥总理发表施政纲领,1954-11-26,1954-11
蒙古人民革命党代表大会继续举行  达姆巴作关于修改和补充党章的报告,1954-11-26,1954-11
悼念安·扬·维辛斯基的逝世,1954-11-26,1954-11
安·扬·维辛斯基的灵柩运到莫斯科,1954-11-26,1954-11
捷政府组成代表团准备出席全欧会议,1954-11-26,1954-11
瑞士政府复照苏联表示欢迎苏联建议,1954-11-26,1954-11
联大政委会开始讨论西伊里安问题  印度尼西亚代表建议双方立即恢复谈判,1954-11-26,1954-11
法美在华盛顿的会谈结束并发表公报法国舆论指出法总理对美国的要求投降,1954-11-26,1954-11
英下院通过伦敦和巴黎协定,1954-11-26,1954-11
亚洲学生疗养院在北京举行开幕典礼,1954-11-26,1954-11
苏联争取欧洲和平的真诚努力,1954-11-26,1954-11
铁道部对现有铁路进行技术改造铁路运输能力逐步提高今年新修的四十一条铁路专用线已完工,1954-11-27,1954-11
庆祝蒙古人民共和国成立三十周年蒙古驻我国大使举行盛大招待会,1954-11-27,1954-11
辽宁省国营商业组织工业品下乡  四川省农产品集散市场举办物资交流会,1954-11-27,1954-11
陕西农民提高农业技术促进了粮棉增产甘肃中部各县农民进行农田基本建设工作,1954-11-27,1954-11
保人民军歌舞团动身回国,1954-11-27,1954-11
印度尼西亚农业考察团到京,1954-11-27,1954-11
浙江沿海渔民协助解放军捕捉美蒋特务,1954-11-27,1954-11
日侨一批动身回国,1954-11-27,1954-11
一九五四年十一月二十七日内容提要,1954-11-27,1954-11
庆祝蒙古人民共和国成立三十周年奥其尔巴特大使的讲话,1954-11-27,1954-11
庆祝蒙古人民共和国成立三十周年朱德副主席的讲话,1954-11-27,1954-11
大型农场工作人员第一批从北京出发,1954-11-27,1954-11
鞍山新建调车场,1954-11-27,1954-11
保卫和平的伟大召示,1954-11-27,1954-11
山西省供销合作社积极推广新式畜力农具  浙江省农民创造了许多新式农具,1954-11-27,1954-11
湖北省建立第一个拖拉机站,1954-11-27,1954-11
青海省各农业技术推广站工作有成绩,1954-11-27,1954-11
山东省各地训练了大批互助合作干部河南省准备训练农业生产合作社技术员,1954-11-27,1954-11
鞍钢和唐山钢厂等试制高铝砖成功,1954-11-27,1954-11
兰新线上的安远驿,1954-11-27,1954-11
景德镇瓷器产量不断增加,1954-11-27,1954-11
一口最深的石油探井钻成了,1954-11-27,1954-11
抚顺碳黑工厂今年新建工程完工,1954-11-27,1954-11
浙江省粮食部门降低了粮食损耗率,1954-11-27,1954-11
福建省各海岛物资供应充足,1954-11-27,1954-11
青海省牧业区各族人民供应北京等城市大批牛羊,1954-11-27,1954-11
西康省大量收购土产品,1954-11-27,1954-11
建筑工程部等指示各建筑单位保证完成或超额完成今年的任务,1954-11-27,1954-11
南安糖厂今冬开始生产,1954-11-27,1954-11
湖南湖北等省灾区信用合作社发放贷款,1954-11-27,1954-11
抚顺碳黑工厂今年新建工程完工记抚顺碳黑工厂诞生的经过,1954-11-27,1954-11
华东粮食局保管科用红外线烘干法测粮食水分,1954-11-27,1954-11
辽宁省苹果出口数量增加,1954-11-27,1954-11
棉花收购站的一日,1954-11-27,1954-11
发展我国造船工业的强大力量,1954-11-27,1954-11
最高人民检察院召开全国检察业务工作会议,1954-11-27,1954-11
各地人民检察机关进行检察工作典型试验,1954-11-27,1954-11
最高人民法院和司法部联合召开司法座谈会,1954-11-27,1954-11
成都黄继光烈士纪念馆开放,1954-11-27,1954-11
在完成产值计划的掩盖下面——从辽宁日报的一篇消息谈起,1954-11-27,1954-11
莫斯科音乐剧院演出的“叶夫根尼·奥涅金”,1954-11-27,1954-11
准备出席苏联政府邀请的全欧会议波、罗、保三国政府任命代表团,1954-11-27,1954-11
南斯拉夫欢迎苏联建议,1954-11-27,1954-11
苏联劳动人民向安·扬·维辛斯基告别我驻苏大使张闻天在维辛斯基灵前献花圈,1954-11-27,1954-11
蒙古人民革命党代表大会继续举行会议通过中央总结报告并批准五年计划和党章,1954-11-27,1954-11
东西德各地人民抗议波恩当局审讯德共雷曼发表声明谴责阿登纳的叛国行为,1954-11-27,1954-11
郭沫若致电澳和平理事会祝贺澳亚友好月,1954-11-27,1954-11
日本拖网渔业协会长崎分会抗议蒋贼非法击沉日本渔船,1954-11-27,1954-11
美军当局和蒋贼军在台湾建立联合军事会议制度,1954-11-27,1954-11
英国工党议员威尔逊发表谈话抨击美国非法占领台湾,1954-11-27,1954-11
泰国议员要求改变外交政策,1954-11-27,1954-11
美国的军事装备运到喀喇蚩,1954-11-27,1954-11
邱吉尔可耻的反苏演说,1954-11-27,1954-11
世界和平理事会关于世界和平运动的组织问题的建议,1954-11-27,1954-11
世界和平理事会关于世界和平运动的文化活动的建议,1954-11-27,1954-11
中共中央致电吊唁维辛斯基同志逝世,1954-11-27,1954-11
贵州百分之七十乡建立党支部  云南少数民族优秀分子五千人加入共产党,1954-11-28,1954-11
莫斯科举行追悼维辛斯基大会,1954-11-28,1954-11
我国政府决定委派张闻天出席全欧会议,1954-11-28,1954-11
我国新任驻匈牙利大使郝德青向匈牙利伊·道比主席呈递国书,1954-11-28,1954-11
西南钢铁公司所属厂矿和沈阳染料厂  积极发掘潜力编制明年生产计划,1954-11-28,1954-11
气象台预告寒潮消息,1954-11-28,1954-11
缅甸新闻工作者到达北京,1954-11-28,1954-11
福建前线解放军炮艇轰击乌丘屿蒋贼军,1954-11-28,1954-11
缅总理吴努赞扬我国处理国际事务的态度,1954-11-28,1954-11
一九五四年十一月二十八日内容提要,1954-11-28,1954-11
莫洛托夫在追悼大会上的讲话,1954-11-28,1954-11
全国各石油厂矿积极编制一九五五年计划,1954-11-28,1954-11
今年我国某地的航空地质普查胜利结束,1954-11-28,1954-11
家长对子女道德教育的责任,1954-11-28,1954-11
安徽省各地大力发展信用合作组织  四川省新建的信用合作社业务都很活跃,1954-11-28,1954-11
重庆市各厂矿积极进行明年生产准备工作沈阳重型机器厂设计明年生产的新产品,1954-11-28,1954-11
广东植物油厂花生仁出油率提高,1954-11-28,1954-11
棉花秆的纤维可做麻袋,1954-11-28,1954-11
哈尔滨量具刃具厂开始接受订货,1954-11-28,1954-11
武汉火车渡轮开始试航,1954-11-28,1954-11
宝成铁路成绵段线路质量好,1954-11-28,1954-11
重庆市地方国营工业制成一百二十多种新产品,1954-11-28,1954-11
热河省承德县第九区五十多户去年存粮未卖的农民认识到统购统销的好处决定卖粮给国家,1954-11-28,1954-11
注意降低生产成本、组织副业生产  吕鸿宾农业合作社社员收入普遍增加,1954-11-28,1954-11
点滴棉花成新衣,1954-11-28,1954-11
北京市郊区大部分乡有了信用合作社,1954-11-28,1954-11
上海公私合营新安电机厂制成指挥火车用的设备,1954-11-28,1954-11
努力提高铁路运输能力,1954-11-28,1954-11
发展农村信用合作应注意的几个问题,1954-11-28,1954-11
中国人民保卫儿童全国委员会举行年会,1954-11-28,1954-11
北京举行首届戏曲观摩演出,1954-11-28,1954-11
各地党组织的活动,1954-11-28,1954-11
介绍“反对宣传工作中的教条主义”,1954-11-28,1954-11
浙江日报是怎样加强评论工作的,1954-11-28,1954-11
短短的历程——海军生活通讯之三,1954-11-28,1954-11
参加苏联建议召开的全欧会议民主德国、阿尔巴尼亚组成代表团,1954-11-28,1954-11
捷政府代表团启程去莫斯科,1954-11-28,1954-11
蒙古人民革命党第十二次代表大会闭幕新的中央委员会选出政治局和书记处,1954-11-28,1954-11
蒙古人民庆祝共和国三十周年国庆日,1954-11-28,1954-11
阿尔巴尼亚人民热烈迎接解放十周年,1954-11-28,1954-11
越南民主共和国广大地区展开恢复工作新区农民大力垦荒并兴建水利工程，铁路公路迅速修复,1954-11-28,1954-11
老挝议会通过任命新首相,1954-11-28,1954-11
联大经济及财政委员会结束技术援助问题的讨论苏联宣布捐款四百万卢布作技术援助基金,1954-11-28,1954-11
苏联专家到达德里帮助印度建立炼钢厂,1954-11-28,1954-11
在追悼维辛斯基大会上,1954-11-28,1954-11
美国颠覆中国的阴谋不容抵赖,1954-11-28,1954-11
解放台湾的斗争就是维护亚洲和平的斗争,1954-11-28,1954-11
必须注意培养新一代的手工艺人,1954-11-28,1954-11
必须注意培养新一代的手工艺人本报记者的调查报告,1954-11-28,1954-11
内蒙地区需要增设商业牧场,1954-11-28,1954-11
为什么任意丢弃和损坏医药器械,1954-11-28,1954-11
感谢非灾区同胞对灾民的关怀,1954-11-28,1954-11
仪征县应该检查延误农时的错误,1954-11-28,1954-11
乘客要求列车上重视报纸零售,1954-11-28,1954-11
警惕不法私商的欺骗行为,1954-11-28,1954-11
为什么又汇来两亿多元,1954-11-28,1954-11
华北直属第三建筑工程公司采取有效措施处理积压物资,1954-11-28,1954-11
对防止窝工现象的几点意见（编者按）,1954-11-28,1954-11
对防止窝工现象的几点意见杨德福同志的建议信,1954-11-28,1954-11
对防止窝工现象的几点意见建筑工程部的答复信,1954-11-28,1954-11
半社会主义性质的农业生产合作社怎样逐渐社会主义化,1954-11-28,1954-11
注意冬季护林防火工作,1954-11-28,1954-11
不能令人满意的检查工作,1954-11-28,1954-11
祝贺阿尔巴尼亚解放十周年  青年团中央致阿尔巴尼亚劳动青年联盟中央电,1954-11-29,1954-11
庆祝阿尔巴尼亚解放十周年首都各界举行庆祝大会,1954-11-29,1954-11
苏联任命出席欧洲会议代表团  波兰和德意志民主共和国代表团到莫斯科,1954-11-29,1954-11
合作社负责为农民加工自用油料严禁私营油坊收购油料榨油出售的投机活动,1954-11-29,1954-11
江西河南浙江农民踊跃出售余粮,1954-11-29,1954-11
建设大型农场准备工作得到各方热情支援,1954-11-29,1954-11
美国政府对我国判决两起美国间谍案提出所谓“抗议”我外交部严正拒绝并退回美国政府的文件,1954-11-29,1954-11
四川省许多厂矿企业和基本建设单位努力争取提前和全面完成今年国家计划,1954-11-29,1954-11
康藏公路东段提前六天全段通车  青藏公路筑路人员争取年底通车到拉萨,1954-11-29,1954-11
蒋贼飞机侵扰福建沿海地区,1954-11-29,1954-11
集二线铺轨三百零七公里,1954-11-29,1954-11
缅甸总理吴努参观我国工艺美术展览会,1954-11-29,1954-11
一九五四年十一月二十九日内容提要,1954-11-29,1954-11
祝贺阿尔巴尼亚解放十周年  毛泽东、周恩来致列希、谢胡和什图拉电,1954-11-29,1954-11
祝贺阿尔巴尼亚解放十周年中共中央致阿尔巴尼亚劳动党中央电,1954-11-29,1954-11
庆祝阿尔巴尼亚解放十周年,1954-11-29,1954-11
北京市地方工业局编出明年生产计划,1954-11-29,1954-11
开采更多的煤供应工业生产需要煤矿基本建设加紧进行,1954-11-29,1954-11
遵守操作规程、不旷工、经常完成任务  本溪采煤工人王恒成受到奖励,1954-11-29,1954-11
中共武汉市委召开第二次基本建设工作会议部署明年工业建设和城市建设的准备工作,1954-11-29,1954-11
荆江大堤加固工程完成施工准备工作  洞庭湖堤垸修复工程即将全面开工,1954-11-29,1954-11
天津市私营企业分配一九五三年年终盈余,1954-11-29,1954-11
胡麻纤维可作纺织工业原料,1954-11-29,1954-11
东北调运粮食支援安徽灾区,1954-11-29,1954-11
天津市九百多户油商为国家经销食油,1954-11-29,1954-11
桂西僮族自治区贸易公司准备大量收购药材,1954-11-29,1954-11
浙江省沿海渔民准备出海,1954-11-29,1954-11
轻工业部、地方工业部等召开橡胶工业技术革新经验交流会议,1954-11-29,1954-11
还是服从国家计划好,1954-11-29,1954-11
沈阳市三十二万多职工、学生和战士五个多月的义务劳动创造财富二百多亿元,1954-11-29,1954-11
海防前线上的一个信用合作社,1954-11-29,1954-11
“无锡米市”的变迁,1954-11-29,1954-11
安徽省农民踊跃缴公粮,1954-11-29,1954-11
湖北省各地农民积极归还到期的农业贷款,1954-11-29,1954-11
河北省职工干部踊跃储蓄,1954-11-29,1954-11
四川省南充县广柑丰收,1954-11-29,1954-11
哈坦胡硕草原的冬天,1954-11-29,1954-11
“争取持久和平，争取人民民主！”中文版一九五四年第四十六期内容介绍,1954-11-29,1954-11
向英雄的国家和英雄的人民致意,1954-11-29,1954-11
对“红楼梦”研究问题的意见,1954-11-29,1954-11
关于贾家的典型性及其它——向李希凡、蓝翎两同志商榷,1954-11-29,1954-11
意共总书记陶里亚蒂在议院发言  斥意大利外交部长对苏联建议的否定态度,1954-11-29,1954-11
参加芬兰承造的破冰船移交典礼米高扬副主席到达赫尔辛基,1954-11-29,1954-11
奥地利原则上欢迎苏联建议但又对参加全欧会议提出保留,1954-11-29,1954-11
美国企图匆匆结束联大会议以阻挠讨论美国侵略中国等问题马立克主张仔细研究议程上的一切问题,1954-11-29,1954-11
联合国大会举行全体会议通过接纳新会员国问题提案,1954-11-29,1954-11
潘迪特夫人指责东南亚条约威胁亚洲国家,1954-11-29,1954-11
国际民主妇联宣布理事会会议议程,1954-11-29,1954-11
美国加紧和蒋贼谈判缔结军事侵略条约,1954-11-29,1954-11
日本保守“新党”宣布成立准备对吉田提出不信任案,1954-11-29,1954-11
在北京庆祝阿尔巴尼亚解放十周年大会上  国务院秘书长习仲勋的讲话,1954-11-29,1954-11
在北京庆祝阿尔巴尼亚解放十周年大会上  阿尔巴尼亚大使纳赛的讲话,1954-11-29,1954-11
讨论保障欧洲和平和安全问题欧洲会议在莫斯科开幕,1954-11-30,1954-11
缅甸总理吴努启程来我国访问,1954-11-30,1954-11
吴努总理昨天到达越南首都河内胡志明主席设宴招待吴努总理,1954-11-30,1954-11
阿尔巴尼亚驻我国大使举行盛大招待会庆祝阿尔巴尼亚解放十周年,1954-11-30,1954-11
国防部和解放军领导机关宣告人民解放军财务部部长杨立三病逝,1954-11-30,1954-11
国防部决定成立杨立三同志治丧委员会,1954-11-30,1954-11
康藏公路修通首批汽车开到拉萨,1954-11-30,1954-11
长白山区人民修筑杨靖宇将军新墓,1954-11-30,1954-11
一九五四年十一月三十日内容提要,1954-11-30,1954-11
阿尔巴尼亚驻我国大使举行盛大招待会纳赛大使的讲话,1954-11-30,1954-11
阿尔巴尼亚驻我国大使举行盛大招待会朱德副主席的讲话,1954-11-30,1954-11
中国人民坚决支持欧洲会议的召开,1954-11-30,1954-11
为进一步开展城乡物资交流，促进以互助合作为中心的农业增产运动，    支援国家工业化而奋斗——中华全国合作社联合总社临时理事会工作报告,1954-11-30,1954-11
中华全国供销合作总社章程,1954-11-30,1954-11
山西省襄汾县丁村发现旧石器时代人类化石和石器,1954-11-30,1954-11
纪念“法德农民问题”发表六十周年,1954-11-30,1954-11
在事实面前,1954-11-30,1954-11
为保障欧洲和平和安全而奋斗    ——苏联“真理报”二十九日社论的摘要,1954-11-30,1954-11
庆祝阿尔巴尼亚解放十周年阿首都地拉那举行盛大集会,1954-11-30,1954-11
多列士撰文分析重新武装西德的危险  号召法国人民反对批准巴黎协定,1954-11-30,1954-11
南斯拉夫驻苏联大使举行国庆招待会,1954-11-30,1954-11
波兰科学家呼吁法国科学家反对巴黎协定,1954-11-30,1954-11
印度尼西亚舆论要求立即归还西伊里安西伊里安的梭弄爆发了反对荷兰占领者的起义,1954-11-30,1954-11
驳斥美国诬蔑我国实行“强迫劳动”,1954-11-30,1954-11
不打自招——评论邱吉尔在伍德佛的演说,1954-11-30,1954-11
